  0	       0	2.058213e-01
  0	       1	2.030442e-01
  0	       2	2.038695e-01
  0	       3	2.034706e-01
  0	       4	2.030373e-01
  0	       5	2.098347e-01
  0	       6	9.427193e-01
  0	       7	2.044070e-01
  0	       8	2.114215e-01
  0	       9	2.020891e-01
  0	      10	2.113479e-01
  0	      11	2.008028e-01
  0	      12	2.127879e-01
  0	      13	2.144037e-01
  0	      14	2.096589e-01
  0	      15	2.135339e-01
  0	      16	2.151979e-01
  0	      17	2.181525e-01
  0	      18	1.257456e+00
  0	      19	2.155776e-01
  0	      20	2.038846e-01
  0	      21	6.516299e-01
  0	      22	2.100304e-01
  0	      23	2.205705e+00
  0	      24	2.041841e-01
  0	      25	2.141086e-01
  0	      26	2.102106e-01
  0	      27	2.054842e-01
  0	      28	2.089642e-01
  0	      29	3.011962e+00
  0	      30	3.140175e+00
  0	      31	3.023327e+00
  0	      32	3.011430e+00
  0	      33	3.048013e+00
  0	      34	3.119350e+00
  0	      35	3.206669e+00
  0	      36	3.160413e+00
  0	      37	3.206076e+00
  0	      38	3.081737e+00
  0	      39	3.139780e+00
  0	      40	3.082967e+00
  0	      41	3.135026e+00
  0	      42	3.280521e+00
  0	      43	3.026080e+00
  0	      44	3.136167e+00
  0	      45	3.283688e+00
  0	      46	3.256716e+00
  0	      47	3.036293e+00
  0	      48	3.004249e+00
  0	      49	3.070354e+00
  0	      50	3.259894e+00
  0	      51	3.131217e+00
  0	      52	2.174801e-01
  0	      53	2.188866e-01
  0	      54	2.167727e-01
  0	      55	1.840945e+00
  0	      56	2.063869e-01
  0	      57	2.180821e-01
  0	      58	2.167032e-01
  0	      59	2.098367e-01
  0	      60	2.023950e-01
  0	      61	3.014509e+00
  0	      62	3.127808e+00
  0	      63	3.097735e+00
  0	      64	3.031399e+00
  0	      65	3.128675e+00
  0	      66	3.186944e+00
  0	      67	3.185610e+00
  0	      68	3.233999e+00
  0	      69	3.146409e+00
  0	      70	3.296865e+00
  0	      71	3.277755e+00
  0	      72	3.192652e+00
  0	      73	3.224209e+00
  0	      74	3.286971e+00
  0	      75	3.154790e+00
  0	      76	3.066419e+00
  0	      77	3.089890e+00
  0	      78	3.243048e+00
  0	      79	3.001908e+00
  0	      80	3.084171e+00
  0	      81	3.275752e+00
  0	      82	3.110214e+00
  0	      83	3.122176e+00
  0	      84	2.190452e-01
  0	      85	6.211326e-01
  0	      86	2.047427e-01
  0	      87	2.091753e-01
  0	      88	2.039431e-01
  0	      89	2.184759e-01
  0	      90	2.189160e-01
  0	      91	2.069062e-01
  0	      92	2.064402e-01
  0	      93	2.114137e-01
  0	      94	2.174878e-01
  0	      95	2.103588e-01
  1	       0	2.167840e-01
  1	       1	2.095266e-01
  1	       2	2.001807e-01
  1	       3	2.185509e-01
  1	       4	2.050563e-01
  1	       5	2.049287e-01
  1	       6	1.516602e+00
  1	       7	2.160419e-01
  1	       8	2.055297e-01
  1	       9	2.141386e-01
  1	      10	2.151799e-01
  1	      11	2.031538e-01
  1	      12	2.127055e-01
  1	      13	2.040660e-01
  1	      14	2.740251e+00
  1	      15	2.128919e-01
  1	      16	2.312291e+00
  1	      17	2.008264e-01
  1	      18	1.118038e+00
  1	      19	2.121925e-01
  1	      20	2.110449e-01
  1	      21	2.050177e-01
  1	      22	2.051973e-01
  1	      23	2.089971e-01
  1	      24	2.024144e-01
  1	      25	2.180677e-01
  1	      26	2.049773e-01
  1	      27	2.159042e-01
  1	      28	2.090678e-01
  1	      29	3.007223e+00
  1	      30	3.138322e+00
  1	      31	3.100639e+00
  1	      32	3.293821e+00
  1	      33	3.149203e+00
  1	      34	3.117665e+00
  1	      35	3.069426e+00
  1	      36	3.260735e+00
  1	      37	3.103633e+00
  1	      38	3.230529e+00
  1	      39	3.233239e+00
  1	      40	3.115699e+00
  1	      41	3.093963e+00
  1	      42	3.198576e+00
  1	      43	3.274420e+00
  1	      44	3.097803e+00
  1	      45	3.171734e+00
  1	      46	3.165247e+00
  1	      47	3.006312e+00
  1	      48	3.211015e+00
  1	      49	3.151644e+00
  1	      50	3.106782e+00
  1	      51	3.189728e+00
  1	      52	2.188325e-01
  1	      53	2.167293e-01
  1	      54	2.074370e-01
  1	      55	2.130569e-01
  1	      56	2.083454e-01
  1	      57	2.055033e-01
  1	      58	2.068592e-01
  1	      59	2.008315e-01
  1	      60	2.168729e-01
  1	      61	3.241240e+00
  1	      62	3.039602e+00
  1	      63	3.260138e+00
  1	      64	3.143026e+00
  1	      65	3.011592e+00
  1	      66	3.177265e+00
  1	      67	3.088060e+00
  1	      68	3.163326e+00
  1	      69	3.009732e+00
  1	      70	3.087692e+00
  1	      71	3.003282e+00
  1	      72	3.138238e+00
  1	      73	3.032341e+00
  1	      74	3.068557e+00
  1	      75	3.081912e+00
  1	      76	3.052927e+00
  1	      77	3.007681e+00
  1	      78	3.082341e+00
  1	      79	3.260595e+00
  1	      80	3.199158e+00
  1	      81	3.234323e+00
  1	      82	3.070340e+00
  1	      83	3.077562e+00
  1	      84	2.011016e-01
  1	      85	2.106366e-01
  1	      86	6.353049e-01
  1	      87	2.074005e-01
  1	      88	2.183184e-01
  1	      89	2.122959e-01
  1	      90	2.038289e-01
  1	      91	2.017981e-01
  1	      92	2.132354e-01
  1	      93	2.174127e-01
  1	      94	2.171800e-01
  1	      95	2.007064e-01
  2	       0	2.189852e-01
  2	       1	2.107054e-01
  2	       2	2.041138e-01
  2	       3	2.167386e-01
  2	       4	2.096005e-01
  2	       5	2.104269e-01
  2	       6	2.170021e-01
  2	       7	2.099215e-01
  2	       8	2.086443e-01
  2	       9	2.155220e-01
  2	      10	2.081124e-01
  2	      11	2.048715e-01
  2	      12	2.113665e-01
  2	      13	2.008011e-01
  2	      14	2.075277e-01
  2	      15	2.165170e-01
  2	      16	2.025185e-01
  2	      17	2.043618e+00
  2	      18	2.134796e-01
  2	      19	2.025983e+00
  2	      20	2.148340e-01
  2	      21	2.039515e-01
  2	      22	2.075525e-01
  2	      23	2.177220e-01
  2	      24	2.020721e-01
  2	      25	2.199022e-01
  2	      26	2.140802e-01
  2	      27	2.086929e-01
  2	      28	2.092312e-01
  2	      29	3.099659e+00
  2	      30	3.167631e+00
  2	      31	3.125331e+00
  2	      32	3.153440e+00
  2	      33	3.164037e+00
  2	      34	3.197875e+00
  2	      35	3.182653e+00
  2	      36	3.231678e+00
  2	      37	3.092259e+00
  2	      38	3.258113e+00
  2	      39	3.019820e+00
  2	      40	3.145718e+00
  2	      41	3.096796e+00
  2	      42	3.158254e+00
  2	      43	3.002261e+00
  2	      44	3.055777e+00
  2	      45	3.212180e+00
  2	      46	3.154739e+00
  2	      47	3.109771e+00
  2	      48	3.005501e+00
  2	      49	3.154324e+00
  2	      50	3.244388e+00
  2	      51	3.074053e+00
  2	      52	2.064457e-01
  2	      53	2.108529e-01
  2	      54	2.097075e-01
  2	      55	2.065943e-01
  2	      56	2.857295e+00
  2	      57	2.094656e-01
  2	      58	2.189710e-01
  2	      59	2.185186e-01
  2	      60	1.821034e+00
  2	      61	3.005536e+00
  2	      62	3.207729e+00
  2	      63	3.187485e+00
  2	      64	3.083126e+00
  2	      65	3.295292e+00
  2	      66	3.217803e+00
  2	      67	3.299862e+00
  2	      68	3.059135e+00
  2	      69	3.165047e+00
  2	      70	3.278334e+00
  2	      71	3.202629e+00
  2	      72	3.168460e+00
  2	      73	3.109066e+00
  2	      74	3.140147e+00
  2	      75	3.055666e+00
  2	      76	3.054198e+00
  2	      77	3.110165e+00
  2	      78	3.021368e+00
  2	      79	3.259543e+00
  2	      80	3.089935e+00
  2	      81	3.118859e+00
  2	      82	3.257327e+00
  2	      83	3.056986e+00
  2	      84	2.033299e-01
  2	      85	2.044950e-01
  2	      86	2.098635e-01
  2	      87	2.114594e-01
  2	      88	2.099882e-01
  2	      89	1.061805e+00
  2	      90	2.168568e-01
  2	      91	2.147205e-01
  2	      92	2.123546e-01
  2	      93	2.030096e-01
  2	      94	7.934518e-01
  2	      95	2.016084e-01
  3	       0	2.152016e-01
  3	       1	2.097451e-01
  3	       2	2.115672e-01
  3	       3	2.087274e-01
  3	       4	2.001308e-01
  3	       5	2.015559e-01
  3	       6	2.160747e-01
  3	       7	2.060636e-01
  3	       8	2.002813e-01
  3	       9	2.183221e-01
  3	      10	1.953972e+00
  3	      11	2.164615e-01
  3	      12	2.060202e-01
  3	      13	1.706328e+00
  3	      14	1.232313e+00
  3	      15	2.146979e-01
  3	      16	2.034668e-01
  3	      17	2.067653e-01
  3	      18	2.118444e-01
  3	      19	2.106179e-01
  3	      20	2.075070e-01
  3	      21	2.096887e-01
  3	      22	8.805297e-01
  3	      23	2.049872e-01
  3	      24	2.146781e-01
  3	      25	2.175398e-01
  3	      26	2.149718e-01
  3	      27	2.147288e-01
  3	      28	2.198047e-01
  3	      29	3.042214e+00
  3	      30	3.031746e+00
  3	      31	3.095330e+00
  3	      32	3.022770e+00
  3	      33	3.046895e+00
  3	      34	3.112127e+00
  3	      35	3.040152e+00
  3	      36	3.040716e+00
  3	      37	3.186892e+00
  3	      38	3.261486e+00
  3	      39	3.134993e+00
  3	      40	3.281194e+00
  3	      41	3.112105e+00
  3	      42	3.272084e+00
  3	      43	3.274047e+00
  3	      44	3.012821e+00
  3	      45	3.036160e+00
  3	      46	3.299501e+00
  3	      47	3.240621e+00
  3	      48	3.157892e+00
  3	      49	3.248846e+00
  3	      50	3.045336e+00
  3	      51	3.049555e+00
  3	      52	2.144061e-01
  3	      53	2.049426e-01
  3	      54	2.139233e-01
  3	      55	2.074081e-01
  3	      56	2.176965e-01
  3	      57	2.031007e-01
  3	      58	2.088833e-01
  3	      59	2.143924e-01
  3	      60	2.019274e-01
  3	      61	3.249249e+00
  3	      62	3.126915e+00
  3	      63	3.061567e+00
  3	      64	3.220836e+00
  3	      65	3.130052e+00
  3	      66	3.242657e+00
  3	      67	3.122687e+00
  3	      68	3.268016e+00
  3	      69	3.261299e+00
  3	      70	3.034213e+00
  3	      71	3.279018e+00
  3	      72	3.053825e+00
  3	      73	3.278456e+00
  3	      74	3.198627e+00
  3	      75	3.211134e+00
  3	      76	3.174231e+00
  3	      77	3.090180e+00
  3	      78	3.014756e+00
  3	      79	3.160141e+00
  3	      80	3.081073e+00
  3	      81	3.187324e+00
  3	      82	3.184394e+00
  3	      83	3.226608e+00
  3	      84	2.035789e-01
  3	      85	2.082233e-01
  3	      86	2.183753e-01
  3	      87	2.135491e-01
  3	      88	2.199810e-01
  3	      89	1.068139e+00
  3	      90	2.026098e-01
  3	      91	2.058751e-01
  3	      92	2.018832e-01
  3	      93	2.089991e-01
  3	      94	2.153252e-01
  3	      95	2.058152e-01
  4	       0	6.441010e-01
  4	       1	2.145572e-01
  4	       2	2.033532e-01
  4	       3	2.079866e-01
  4	       4	2.068143e-01
  4	       5	2.098830e-01
  4	       6	2.152009e-01
  4	       7	2.122903e-01
  4	       8	2.173679e-01
  4	       9	2.161948e-01
  4	      10	2.010420e-01
  4	      11	2.070889e-01
  4	      12	2.067897e-01
  4	      13	2.089792e-01
  4	      14	2.007847e-01
  4	      15	2.064757e-01
  4	      16	2.134715e-01
  4	      17	2.095524e-01
  4	      18	2.143336e-01
  4	      19	2.066644e-01
  4	      20	2.153403e-01
  4	      21	2.192620e-01
  4	      22	2.187269e-01
  4	      23	2.032576e-01
  4	      24	2.019659e-01
  4	      25	2.125069e-01
  4	      26	2.185811e-01
  4	      27	2.102980e-01
  4	      28	2.045905e-01
  4	      29	3.203845e+00
  4	      30	3.084167e+00
  4	      31	3.014045e+00
  4	      32	3.185183e+00
  4	      33	3.272412e+00
  4	      34	3.245854e+00
  4	      35	3.293437e+00
  4	      36	3.002946e+00
  4	      37	3.221304e+00
  4	      38	3.160480e+00
  4	      39	3.210779e+00
  4	      40	3.065131e+00
  4	      41	3.184931e+00
  4	      42	3.240635e+00
  4	      43	3.042850e+00
  4	      44	3.057845e+00
  4	      45	3.206089e+00
  4	      46	3.218217e+00
  4	      47	3.146231e+00
  4	      48	3.001675e+00
  4	      49	3.186029e+00
  4	      50	3.019633e+00
  4	      51	3.280152e+00
  4	      52	2.163440e-01
  4	      53	2.022509e-01
  4	      54	2.185610e-01
  4	      55	2.098596e-01
  4	      56	2.042297e-01
  4	      57	2.125574e-01
  4	      58	2.138935e-01
  4	      59	2.198526e-01
  4	      60	2.135526e-01
  4	      61	3.233898e+00
  4	      62	3.148902e+00
  4	      63	3.290514e+00
  4	      64	3.090479e+00
  4	      65	3.244129e+00
  4	      66	3.174233e+00
  4	      67	3.227686e+00
  4	      68	3.216617e+00
  4	      69	3.181176e+00
  4	      70	3.162080e+00
  4	      71	3.046221e+00
  4	      72	3.095084e+00
  4	      73	3.143663e+00
  4	      74	3.173152e+00
  4	      75	3.295655e+00
  4	      76	3.183258e+00
  4	      77	3.110008e+00
  4	      78	3.088724e+00
  4	      79	3.155567e+00
  4	      80	3.010037e+00
  4	      81	3.192755e+00
  4	      82	3.261614e+00
  4	      83	3.165458e+00
  4	      84	2.175781e-01
  4	      85	2.080844e-01
  4	      86	2.040371e-01
  4	      87	2.189871e-01
  4	      88	2.037377e-01
  4	      89	2.004085e-01
  4	      90	2.193075e-01
  4	      91	2.169031e-01
  4	      92	2.011997e-01
  4	      93	2.137133e-01
  4	      94	2.136989e-01
  4	      95	2.101920e-01
  5	       0	2.136518e-01
  5	       1	2.036849e-01
  5	       2	2.166143e-01
  5	       3	2.160945e-01
  5	       4	2.004245e-01
  5	       5	2.017357e-01
  5	       6	2.079695e-01
  5	       7	2.055223e-01
  5	       8	2.110423e-01
  5	       9	2.164418e-01
  5	      10	2.043326e-01
  5	      11	2.153396e+00
  5	      12	2.168365e-01
  5	      13	1.075955e+00
  5	      14	2.073778e-01
  5	      15	2.193054e-01
  5	      16	2.125542e-01
  5	      17	2.035945e-01
  5	      18	2.138858e-01
  5	      19	2.015580e-01
  5	      20	1.468353e+00
  5	      21	2.016187e-01
  5	      22	2.098893e-01
  5	      23	2.185622e-01
  5	      24	2.103796e-01
  5	      25	2.072390e-01
  5	      26	2.097104e-01
  5	      27	2.180644e-01
  5	      28	2.805520e-01
  5	      29	3.214329e+00
  5	      30	3.139661e+00
  5	      31	3.045145e+00
  5	      32	3.252866e+00
  5	      33	3.105746e+00
  5	      34	3.276760e+00
  5	      35	3.181537e+00
  5	      36	3.258396e+00
  5	      37	3.013670e+00
  5	      38	3.114991e+00
  5	      39	3.064206e+00
  5	      40	3.242177e+00
  5	      41	3.183594e+00
  5	      42	3.001601e+00
  5	      43	3.007969e+00
  5	      44	3.125603e+00
  5	      45	3.151639e+00
  5	      46	3.273393e+00
  5	      47	3.092936e+00
  5	      48	3.272481e+00
  5	      49	3.055315e+00
  5	      50	3.072048e+00
  5	      51	3.237682e+00
  5	      52	2.026971e-01
  5	      53	2.197468e-01
  5	      54	2.049590e+00
  5	      55	2.451075e+00
  5	      56	2.022538e-01
  5	      57	9.652322e-01
  5	      58	2.118594e-01
  5	      59	1.747396e+00
  5	      60	2.175726e-01
  5	      61	3.210262e+00
  5	      62	3.118549e+00
  5	      63	3.192293e+00
  5	      64	3.215663e+00
  5	      65	3.202705e+00
  5	      66	3.038600e+00
  5	      67	3.295760e+00
  5	      68	3.020041e+00
  5	      69	3.104878e+00
  5	      70	3.253217e+00
  5	      71	3.086363e+00
  5	      72	3.064795e+00
  5	      73	3.099293e+00
  5	      74	3.254987e+00
  5	      75	3.116809e+00
  5	      76	3.225394e+00
  5	      77	3.023592e+00
  5	      78	3.169248e+00
  5	      79	3.268450e+00
  5	      80	3.239416e+00
  5	      81	3.228377e+00
  5	      82	3.237007e+00
  5	      83	3.151337e+00
  5	      84	5.373320e-01
  5	      85	1.084377e+00
  5	      86	2.168701e-01
  5	      87	2.150078e-01
  5	      88	2.069543e-01
  5	      89	2.153390e-01
  5	      90	2.159770e-01
  5	      91	2.144598e-01
  5	      92	2.188817e-01
  5	      93	2.007348e-01
  5	      94	2.013834e-01
  5	      95	2.103359e-01
  6	       0	2.054969e-01
  6	       1	2.179668e-01
  6	       2	2.132885e-01
  6	       3	2.115393e-01
  6	       4	2.150934e-01
  6	       5	2.195069e-01
  6	       6	1.468176e+00
  6	       7	2.006092e-01
  6	       8	2.025299e-01
  6	       9	2.097270e-01
  6	      10	2.058139e-01
  6	      11	2.068673e-01
  6	      12	2.107403e-01
  6	      13	2.008175e-01
  6	      14	2.044361e-01
  6	      15	2.072497e-01
  6	      16	2.001057e-01
  6	      17	2.154877e+00
  6	      18	2.049890e-01
  6	      19	2.144780e-01
  6	      20	2.161547e-01
  6	      21	2.072394e-01
  6	      22	2.182060e-01
  6	      23	2.158878e-01
  6	      24	2.059414e-01
  6	      25	2.167262e-01
  6	      26	2.170537e-01
  6	      27	2.041995e-01
  6	      28	2.001284e-01
  6	      29	3.012948e+00
  6	      30	3.096018e+00
  6	      31	3.116769e+00
  6	      32	3.231350e+00
  6	      33	3.086388e+00
  6	      34	3.172639e+00
  6	      35	3.255092e+00
  6	      36	3.026423e+00
  6	      37	3.295925e+00
  6	      38	3.254065e+00
  6	      39	3.153392e+00
  6	      40	3.292674e+00
  6	      41	3.165763e+00
  6	      42	3.010175e+00
  6	      43	3.236576e+00
  6	      44	3.051288e+00
  6	      45	3.043891e+00
  6	      46	3.013975e+00
  6	      47	3.149851e+00
  6	      48	3.195399e+00
  6	      49	3.204537e+00
  6	      50	3.123937e+00
  6	      51	3.161885e+00
  6	      52	2.158688e-01
  6	      53	8.892756e-01
  6	      54	2.173220e-01
  6	      55	2.019215e-01
  6	      56	2.893149e+00
  6	      57	2.111099e-01
  6	      58	2.105830e-01
  6	      59	2.931568e+00
  6	      60	2.114770e-01
  6	      61	3.009982e+00
  6	      62	3.084817e+00
  6	      63	3.010989e+00
  6	      64	3.228159e+00
  6	      65	3.181472e+00
  6	      66	3.123793e+00
  6	      67	3.160869e+00
  6	      68	3.269459e+00
  6	      69	3.031101e+00
  6	      70	3.004191e+00
  6	      71	3.202399e+00
  6	      72	3.140716e+00
  6	      73	3.183346e+00
  6	      74	3.272468e+00
  6	      75	3.291674e+00
  6	      76	3.242567e+00
  6	      77	3.133115e+00
  6	      78	3.088920e+00
  6	      79	3.261623e+00
  6	      80	3.024616e+00
  6	      81	3.070835e+00
  6	      82	3.072761e+00
  6	      83	3.085709e+00
  6	      84	2.198997e-01
  6	      85	2.010822e-01
  6	      86	2.095977e-01
  6	      87	2.110876e-01
  6	      88	2.182514e-01
  6	      89	2.088139e-01
  6	      90	2.052640e-01
  6	      91	2.116092e-01
  6	      92	2.025310e-01
  6	      93	2.091934e-01
  6	      94	2.082482e-01
  6	      95	2.102589e-01
  7	       0	2.142917e-01
  7	       1	2.020684e-01
  7	       2	2.151711e-01
  7	       3	2.128272e-01
  7	       4	1.685515e+00
  7	       5	2.045271e-01
  7	       6	2.034438e-01
  7	       7	2.124343e-01
  7	       8	2.187543e-01
  7	       9	2.257653e+00
  7	      10	2.150485e-01
  7	      11	2.037370e-01
  7	      12	2.060899e-01
  7	      13	1.454989e+00
  7	      14	2.193518e-01
  7	      15	2.295499e+00
  7	      16	2.097702e-01
  7	      17	2.088528e-01
  7	      18	2.184259e-01
  7	      19	2.162549e-01
  7	      20	2.114776e-01
  7	      21	2.051514e-01
  7	      22	2.061083e-01
  7	      23	2.052212e-01
  7	      24	2.012356e-01
  7	      25	2.195418e-01
  7	      26	2.134889e-01
  7	      27	2.176390e-01
  7	      28	2.157276e-01
  7	      29	3.073815e+00
  7	      30	3.035654e+00
  7	      31	3.159377e+00
  7	      32	3.075228e+00
  7	      33	3.229111e+00
  7	      34	3.069636e+00
  7	      35	3.284011e+00
  7	      36	3.055207e+00
  7	      37	3.086233e+00
  7	      38	3.284977e+00
  7	      39	3.212544e+00
  7	      40	3.116399e+00
  7	      41	3.008807e+00
  7	      42	3.001320e+00
  7	      43	3.160483e+00
  7	      44	3.069645e+00
  7	      45	3.137552e+00
  7	      46	3.196541e+00
  7	      47	3.248199e+00
  7	      48	3.262560e+00
  7	      49	3.149075e+00
  7	      50	3.045572e+00
  7	      51	3.026887e+00
  7	      52	2.159769e-01
  7	      53	2.178210e-01
  7	      54	2.073312e-01
  7	      55	2.192315e-01
  7	      56	1.289047e+00
  7	      57	2.083179e-01
  7	      58	2.020825e-01
  7	      59	2.156948e-01
  7	      60	2.117594e-01
  7	      61	3.080018e+00
  7	      62	3.056407e+00
  7	      63	3.118504e+00
  7	      64	3.062328e+00
  7	      65	3.004647e+00
  7	      66	3.176812e+00
  7	      67	3.065210e+00
  7	      68	3.142481e+00
  7	      69	3.063717e+00
  7	      70	3.155342e+00
  7	      71	3.113281e+00
  7	      72	3.191598e+00
  7	      73	3.243687e+00
  7	      74	3.262221e+00
  7	      75	3.112964e+00
  7	      76	3.106090e+00
  7	      77	3.178176e+00
  7	      78	3.080509e+00
  7	      79	3.156980e+00
  7	      80	3.121566e+00
  7	      81	3.124116e+00
  7	      82	3.060030e+00
  7	      83	3.133845e+00
  7	      84	2.019251e-01
  7	      85	2.022143e-01
  7	      86	2.057908e-01
  7	      87	2.152202e-01
  7	      88	2.083882e-01
  7	      89	2.167353e-01
  7	      90	2.075222e-01
  7	      91	2.013352e-01
  7	      92	2.109846e-01
  7	      93	2.184269e-01
  7	      94	2.032575e-01
  7	      95	2.005137e-01
  8	       0	2.011073e-01
  8	       1	2.120326e-01
  8	       2	2.044058e-01
  8	       3	2.109994e-01
  8	       4	1.359692e+00
  8	       5	2.174807e-01
  8	       6	2.191002e-01
  8	       7	2.137662e-01
  8	       8	6.005702e-01
  8	       9	2.149167e-01
  8	      10	2.070140e-01
  8	      11	2.008600e-01
  8	      12	2.154640e-01
  8	      13	2.157893e-01
  8	      14	2.095165e-01
  8	      15	2.041201e-01
  8	      16	2.013658e-01
  8	      17	2.199355e-01
  8	      18	2.122119e-01
  8	      19	2.124348e-01
  8	      20	2.013001e-01
  8	      21	2.103712e-01
  8	      22	2.056332e-01
  8	      23	2.150721e-01
  8	      24	2.196085e-01
  8	      25	2.131670e-01
  8	      26	2.128543e-01
  8	      27	2.086276e-01
  8	      28	1.334095e+00
  8	      29	3.097913e+00
  8	      30	3.119889e+00
  8	      31	3.168751e+00
  8	      32	3.236803e+00
  8	      33	3.244509e+00
  8	      34	3.293803e+00
  8	      35	3.010413e+00
  8	      36	3.080934e+00
  8	      37	3.261424e+00
  8	      38	3.039038e+00
  8	      39	3.105124e+00
  8	      40	3.153432e+00
  8	      41	3.018423e+00
  8	      42	3.017906e+00
  8	      43	3.142159e+00
  8	      44	3.073131e+00
  8	      45	3.035342e+00
  8	      46	3.086423e+00
  8	      47	3.072926e+00
  8	      48	3.103028e+00
  8	      49	3.009521e+00
  8	      50	3.296032e+00
  8	      51	3.038950e+00
  8	      52	2.082749e-01
  8	      53	2.105154e-01
  8	      54	2.027367e-01
  8	      55	2.033085e-01
  8	      56	2.021138e-01
  8	      57	2.036654e-01
  8	      58	2.048330e-01
  8	      59	2.021973e-01
  8	      60	2.139639e-01
  8	      61	3.032607e+00
  8	      62	3.215785e+00
  8	      63	3.232808e+00
  8	      64	3.119330e+00
  8	      65	3.034728e+00
  8	      66	3.054230e+00
  8	      67	3.106947e+00
  8	      68	3.262514e+00
  8	      69	3.204944e+00
  8	      70	3.289443e+00
  8	      71	3.002244e+00
  8	      72	3.228325e+00
  8	      73	3.280229e+00
  8	      74	3.274355e+00
  8	      75	3.219511e+00
  8	      76	3.117017e+00
  8	      77	3.127355e+00
  8	      78	3.020170e+00
  8	      79	3.233013e+00
  8	      80	3.062426e+00
  8	      81	3.056608e+00
  8	      82	3.178119e+00
  8	      83	3.276032e+00
  8	      84	2.176448e-01
  8	      85	2.097323e-01
  8	      86	2.100134e-01
  8	      87	2.128373e-01
  8	      88	2.024481e-01
  8	      89	2.139050e-01
  8	      90	2.045760e-01
  8	      91	2.118075e-01
  8	      92	2.024308e-01
  8	      93	2.099341e-01
  8	      94	2.122663e-01
  8	      95	2.138994e-01
  9	       0	2.079162e-01
  9	       1	2.125295e-01
  9	       2	2.036825e-01
  9	       3	2.121209e-01
  9	       4	2.099352e-01
  9	       5	2.154810e-01
  9	       6	2.185097e-01
  9	       7	2.065020e-01
  9	       8	2.030615e-01
  9	       9	1.115237e+00
  9	      10	2.124679e-01
  9	      11	2.593813e+00
  9	      12	2.100578e-01
  9	      13	2.054290e-01
  9	      14	2.024012e-01
  9	      15	2.048365e-01
  9	      16	2.146714e-01
  9	      17	2.143674e-01
  9	      18	1.602221e+00
  9	      19	2.148127e-01
  9	      20	2.058892e-01
  9	      21	2.049407e-01
  9	      22	2.103630e-01
  9	      23	2.186401e-01
  9	      24	2.137650e-01
  9	      25	2.027687e-01
  9	      26	2.167961e-01
  9	      27	2.061727e-01
  9	      28	2.179029e-01
  9	      29	3.117554e+00
  9	      30	3.262597e+00
  9	      31	3.146591e+00
  9	      32	3.230958e+00
  9	      33	3.139449e+00
  9	      34	3.100461e+00
  9	      35	3.219203e+00
  9	      36	3.066095e+00
  9	      37	3.254038e+00
  9	      38	3.259648e+00
  9	      39	3.014886e+00
  9	      40	3.164992e+00
  9	      41	3.046806e+00
  9	      42	3.140852e+00
  9	      43	3.289880e+00
  9	      44	3.149600e+00
  9	      45	3.081815e+00
  9	      46	3.026502e+00
  9	      47	3.004148e+00
  9	      48	3.192220e+00
  9	      49	3.289750e+00
  9	      50	3.119888e+00
  9	      51	3.165811e+00
  9	      52	2.161735e-01
  9	      53	2.174941e-01
  9	      54	2.141904e-01
  9	      55	2.150098e-01
  9	      56	2.106461e-01
  9	      57	2.171582e-01
  9	      58	2.190300e-01
  9	      59	2.070283e-01
  9	      60	2.116013e-01
  9	      61	3.146139e+00
  9	      62	3.296377e+00
  9	      63	3.122647e+00
  9	      64	3.044838e+00
  9	      65	3.231700e+00
  9	      66	3.020038e+00
  9	      67	3.254360e+00
  9	      68	3.028469e+00
  9	      69	3.252780e+00
  9	      70	3.108225e+00
  9	      71	3.156230e+00
  9	      72	3.135831e+00
  9	      73	3.152152e+00
  9	      74	3.058627e+00
  9	      75	3.173677e+00
  9	      76	3.215207e+00
  9	      77	3.025378e+00
  9	      78	3.277320e+00
  9	      79	3.106374e+00
  9	      80	3.198965e+00
  9	      81	3.028018e+00
  9	      82	3.296561e+00
  9	      83	3.114115e+00
  9	      84	2.148869e-01
  9	      85	2.195807e-01
  9	      86	2.008916e-01
  9	      87	2.022338e-01
  9	      88	2.750586e-01
  9	      89	2.146560e-01
  9	      90	2.033715e-01
  9	      91	2.187992e-01
  9	      92	2.008425e-01
  9	      93	2.129738e-01
  9	      94	2.120204e-01
  9	      95	2.178301e-01
 10	       0	2.003503e-01
 10	       1	2.116325e-01
 10	       2	2.115943e-01
 10	       3	2.074575e-01
 10	       4	2.193728e-01
 10	       5	2.125964e-01
 10	       6	2.119815e-01
 10	       7	2.008167e-01
 10	       8	2.103178e-01
 10	       9	4.076757e-01
 10	      10	2.182659e-01
 10	      11	2.171212e-01
 10	      12	2.011882e-01
 10	      13	2.006588e-01
 10	      14	2.147108e-01
 10	      15	2.006364e-01
 10	      16	2.008162e-01
 10	      17	2.011722e-01
 10	      18	2.028108e-01
 10	      19	2.155327e-01
 10	      20	2.007037e-01
 10	      21	2.065625e-01
 10	      22	2.127522e-01
 10	      23	2.145297e-01
 10	      24	2.066015e-01
 10	      25	2.053037e-01
 10	      26	2.020200e-01
 10	      27	2.013852e-01
 10	      28	2.158848e-01
 10	      29	3.132878e+00
 10	      30	3.147373e+00
 10	      31	3.027679e+00
 10	      32	3.052527e+00
 10	      33	3.019978e+00
 10	      34	3.062821e+00
 10	      35	3.068075e+00
 10	      36	3.029705e+00
 10	      37	3.204193e+00
 10	      38	3.152960e+00
 10	      39	3.026875e+00
 10	      40	3.279047e+00
 10	      41	3.090910e+00
 10	      42	3.124128e+00
 10	      43	3.114719e+00
 10	      44	3.018214e+00
 10	      45	3.207159e+00
 10	      46	3.281457e+00
 10	      47	3.161179e+00
 10	      48	3.299409e+00
 10	      49	3.011659e+00
 10	      50	3.170048e+00
 10	      51	3.024815e+00
 10	      52	2.016319e-01
 10	      53	2.555905e+00
 10	      54	2.091723e-01
 10	      55	2.043335e-01
 10	      56	2.165959e-01
 10	      57	2.021090e-01
 10	      58	2.090346e-01
 10	      59	2.121790e-01
 10	      60	2.012591e-01
 10	      61	3.064487e+00
 10	      62	3.106649e+00
 10	      63	3.262927e+00
 10	      64	3.195916e+00
 10	      65	3.052210e+00
 10	      66	3.062766e+00
 10	      67	3.067033e+00
 10	      68	3.165471e+00
 10	      69	3.277284e+00
 10	      70	3.168566e+00
 10	      71	3.093356e+00
 10	      72	3.011302e+00
 10	      73	3.237290e+00
 10	      74	3.036312e+00
 10	      75	3.055174e+00
 10	      76	3.134729e+00
 10	      77	3.264857e+00
 10	      78	3.295158e+00
 10	      79	3.007446e+00
 10	      80	3.028224e+00
 10	      81	3.061639e+00
 10	      82	3.299910e+00
 10	      83	3.132788e+00
 10	      84	2.731860e-01
 10	      85	2.053564e-01
 10	      86	2.140828e-01
 10	      87	2.096760e-01
 10	      88	4.331040e-01
 10	      89	2.063288e-01
 10	      90	2.022519e-01
 10	      91	2.172768e-01
 10	      92	2.067858e-01
 10	      93	2.075237e-01
 10	      94	2.720423e-01
 10	      95	2.022951e-01
 11	       0	2.176849e-01
 11	       1	2.189083e-01
 11	       2	2.063872e-01
 11	       3	2.189201e-01
 11	       4	2.084273e-01
 11	       5	2.058601e-01
 11	       6	2.094019e-01
 11	       7	2.107479e-01
 11	       8	2.021570e-01
 11	       9	1.984521e+00
 11	      10	2.004117e-01
 11	      11	2.159119e-01
 11	      12	2.056353e-01
 11	      13	2.126125e-01
 11	      14	2.108526e-01
 11	      15	2.035129e-01
 11	      16	2.008472e-01
 11	      17	2.032252e-01
 11	      18	2.073284e-01
 11	      19	2.148584e-01
 11	      20	2.194058e-01
 11	      21	2.143067e-01
 11	      22	2.044527e-01
 11	      23	2.140021e-01
 11	      24	2.159352e-01
 11	      25	2.168680e-01
 11	      26	5.620503e-01
 11	      27	2.426477e+00
 11	      28	2.094357e-01
 11	      29	3.254390e+00
 11	      30	3.237295e+00
 11	      31	3.245013e+00
 11	      32	3.254960e+00
 11	      33	3.289386e+00
 11	      34	3.002242e+00
 11	      35	3.267516e+00
 11	      36	3.113556e+00
 11	      37	3.097181e+00
 11	      38	3.127986e+00
 11	      39	3.223794e+00
 11	      40	3.258658e+00
 11	      41	3.242460e+00
 11	      42	3.037234e+00
 11	      43	3.163643e+00
 11	      44	3.116025e+00
 11	      45	3.203926e+00
 11	      46	3.162270e+00
 11	      47	3.003299e+00
 11	      48	3.145631e+00
 11	      49	3.006850e+00
 11	      50	3.232556e+00
 11	      51	3.264912e+00
 11	      52	2.100929e-01
 11	      53	2.067318e-01
 11	      54	2.075243e-01
 11	      55	2.075571e-01
 11	      56	1.884008e+00
 11	      57	2.113131e-01
 11	      58	2.093569e-01
 11	      59	2.113742e-01
 11	      60	2.159429e-01
 11	      61	3.049160e+00
 11	      62	3.159086e+00
 11	      63	3.101801e+00
 11	      64	3.024677e+00
 11	      65	3.255395e+00
 11	      66	3.246482e+00
 11	      67	3.017915e+00
 11	      68	3.232515e+00
 11	      69	3.058358e+00
 11	      70	3.125148e+00
 11	      71	3.037078e+00
 11	      72	3.247109e+00
 11	      73	3.182116e+00
 11	      74	3.121144e+00
 11	      75	3.155104e+00
 11	      76	3.108124e+00
 11	      77	3.094923e+00
 11	      78	3.133714e+00
 11	      79	3.131657e+00
 11	      80	3.070208e+00
 11	      81	3.110546e+00
 11	      82	3.252081e+00
 11	      83	3.206472e+00
 11	      84	2.059186e-01
 11	      85	2.022084e-01
 11	      86	2.001922e-01
 11	      87	2.142414e-01
 11	      88	2.176934e-01
 11	      89	2.111013e-01
 11	      90	2.044931e-01
 11	      91	2.058232e-01
 11	      92	2.168611e-01
 11	      93	2.070265e-01
 11	      94	2.001910e-01
 11	      95	2.076302e-01
 12	       0	2.006821e-01
 12	       1	2.198187e-01
 12	       2	2.092976e-01
 12	       3	2.007423e-01
 12	       4	2.125159e-01
 12	       5	1.280361e+00
 12	       6	1.546519e+00
 12	       7	2.182787e-01
 12	       8	2.121617e-01
 12	       9	2.831026e-01
 12	      10	2.140520e-01
 12	      11	2.107473e-01
 12	      12	2.029811e-01
 12	      13	2.019269e-01
 12	      14	2.021442e-01
 12	      15	2.196928e-01
 12	      16	2.149353e-01
 12	      17	2.083930e-01
 12	      18	2.125681e-01
 12	      19	2.159173e-01
 12	      20	2.047519e-01
 12	      21	2.093182e-01
 12	      22	2.172730e-01
 12	      23	2.142882e-01
 12	      24	2.069188e-01
 12	      25	1.824508e+00
 12	      26	2.083248e-01
 12	      27	2.107892e-01
 12	      28	2.142200e-01
 12	      29	3.018698e+00
 12	      30	3.056652e+00
 12	      31	3.059517e+00
 12	      32	3.022577e+00
 12	      33	3.137029e+00
 12	      34	3.046284e+00
 12	      35	3.056515e+00
 12	      36	3.240931e+00
 12	      37	3.238211e+00
 12	      38	3.264318e+00
 12	      39	3.103782e+00
 12	      40	3.234487e+00
 12	      41	3.245622e+00
 12	      42	3.263663e+00
 12	      43	3.151402e+00
 12	      44	3.126801e+00
 12	      45	3.242554e+00
 12	      46	3.216211e+00
 12	      47	3.060481e+00
 12	      48	3.095517e+00
 12	      49	3.069697e+00
 12	      50	3.093037e+00
 12	      51	3.275463e+00
 12	      52	2.179063e-01
 12	      53	2.095782e-01
 12	      54	2.155719e-01
 12	      55	2.131908e-01
 12	      56	2.798886e-01
 12	      57	2.167828e-01
 12	      58	2.089601e-01
 12	      59	2.099164e-01
 12	      60	2.020218e-01
 12	      61	3.266767e+00
 12	      62	3.155289e+00
 12	      63	3.250283e+00
 12	      64	3.189042e+00
 12	      65	3.216582e+00
 12	      66	3.287861e+00
 12	      67	3.092266e+00
 12	      68	3.232039e+00
 12	      69	3.074694e+00
 12	      70	3.033790e+00
 12	      71	3.206505e+00
 12	      72	3.120828e+00
 12	      73	3.000551e+00
 12	      74	3.104334e+00
 12	      75	3.074635e+00
 12	      76	3.248690e+00
 12	      77	3.190140e+00
 12	      78	3.015013e+00
 12	      79	3.227232e+00
 12	      80	3.089070e+00
 12	      81	3.203823e+00
 12	      82	3.117124e+00
 12	      83	3.135822e+00
 12	      84	2.167994e-01
 12	      85	1.241574e+00
 12	      86	2.142931e-01
 12	      87	2.062358e-01
 12	      88	2.107758e-01
 12	      89	2.027831e-01
 12	      90	2.104541e-01
 12	      91	2.310875e+00
 12	      92	2.135238e-01
 12	      93	8.353353e-01
 12	      94	2.091048e-01
 12	      95	2.043237e-01
 13	       0	1.519935e+00
 13	       1	2.098245e-01
 13	       2	2.132250e-01
 13	       3	2.124394e-01
 13	       4	2.038607e-01
 13	       5	2.020881e-01
 13	       6	2.069856e-01
 13	       7	2.026362e-01
 13	       8	2.107733e-01
 13	       9	2.000616e-01
 13	      10	2.136911e-01
 13	      11	2.343603e+00
 13	      12	2.025437e-01
 13	      13	2.043659e-01
 13	      14	2.113583e-01
 13	      15	2.129133e-01
 13	      16	2.065901e-01
 13	      17	2.076770e-01
 13	      18	2.090734e-01
 13	      19	1.734371e+00
 13	      20	2.060637e-01
 13	      21	2.040289e-01
 13	      22	1.414788e+00
 13	      23	2.187699e-01
 13	      24	2.159540e-01
 13	      25	2.873679e+00
 13	      26	2.084592e-01
 13	      27	2.130287e-01
 13	      28	2.064441e-01
 13	      29	3.164733e+00
 13	      30	3.025842e+00
 13	      31	3.162414e+00
 13	      32	3.258676e+00
 13	      33	3.023532e+00
 13	      34	3.021280e+00
 13	      35	3.162702e+00
 13	      36	3.076492e+00
 13	      37	3.223859e+00
 13	      38	3.224373e+00
 13	      39	3.122748e+00
 13	      40	3.000779e+00
 13	      41	3.187370e+00
 13	      42	3.293539e+00
 13	      43	3.051451e+00
 13	      44	3.248371e+00
 13	      45	3.279693e+00
 13	      46	3.235732e+00
 13	      47	3.040516e+00
 13	      48	3.049733e+00
 13	      49	3.089276e+00
 13	      50	3.095585e+00
 13	      51	3.257184e+00
 13	      52	2.046660e-01
 13	      53	2.000050e+00
 13	      54	2.080112e-01
 13	      55	2.108459e-01
 13	      56	2.115226e-01
 13	      57	2.072835e-01
 13	      58	2.165308e-01
 13	      59	2.087102e-01
 13	      60	2.181261e-01
 13	      61	3.290869e+00
 13	      62	3.126971e+00
 13	      63	3.098894e+00
 13	      64	3.263291e+00
 13	      65	3.079679e+00
 13	      66	3.170634e+00
 13	      67	3.073187e+00
 13	      68	3.133620e+00
 13	      69	3.108450e+00
 13	      70	3.238605e+00
 13	      71	3.162299e+00
 13	      72	3.143848e+00
 13	      73	3.287034e+00
 13	      74	3.226344e+00
 13	      75	3.207400e+00
 13	      76	3.193866e+00
 13	      77	3.037143e+00
 13	      78	3.164031e+00
 13	      79	3.217085e+00
 13	      80	3.112514e+00
 13	      81	3.210801e+00
 13	      82	3.007463e+00
 13	      83	3.172196e+00
 13	      84	2.040301e-01
 13	      85	2.028440e-01
 13	      86	2.151095e-01
 13	      87	2.151329e-01
 13	      88	2.182743e-01
 13	      89	1.714463e+00
 13	      90	2.138169e-01
 13	      91	2.090212e-01
 13	      92	2.074378e-01
 13	      93	2.167050e-01
 13	      94	2.002230e-01
 13	      95	2.094933e-01
 14	       0	2.015172e-01
 14	       1	2.022281e-01
 14	       2	2.013762e-01
 14	       3	2.000555e-01
 14	       4	2.032642e-01
 14	       5	2.034125e-01
 14	       6	2.142428e-01
 14	       7	2.028181e-01
 14	       8	2.106741e-01
 14	       9	2.148197e-01
 14	      10	2.115072e-01
 14	      11	2.052943e-01
 14	      12	2.084313e-01
 14	      13	1.437756e+00
 14	      14	2.030663e-01
 14	      15	2.098174e-01
 14	      16	2.032290e-01
 14	      17	2.052022e-01
 14	      18	2.965442e+00
 14	      19	2.044354e-01
 14	      20	2.097407e-01
 14	      21	2.168473e-01
 14	      22	2.121657e-01
 14	      23	2.173896e-01
 14	      24	2.139901e-01
 14	      25	2.151946e-01
 14	      26	2.193865e-01
 14	      27	2.131444e-01
 14	      28	2.113355e-01
 14	      29	3.120607e+00
 14	      30	3.166767e+00
 14	      31	3.170112e+00
 14	      32	3.242522e+00
 14	      33	3.084922e+00
 14	      34	3.214818e+00
 14	      35	3.237576e+00
 14	      36	3.150830e+00
 14	      37	3.184251e+00
 14	      38	3.042205e+00
 14	      39	3.062849e+00
 14	      40	3.190842e+00
 14	      41	3.191674e+00
 14	      42	3.131384e+00
 14	      43	3.180348e+00
 14	      44	3.283574e+00
 14	      45	3.034762e+00
 14	      46	3.117750e+00
 14	      47	3.031392e+00
 14	      48	3.101771e+00
 14	      49	3.144042e+00
 14	      50	3.177182e+00
 14	      51	3.037293e+00
 14	      52	2.240208e+00
 14	      53	2.062117e-01
 14	      54	2.078924e-01
 14	      55	2.088480e-01
 14	      56	2.169404e-01
 14	      57	2.079834e-01
 14	      58	2.146938e-01
 14	      59	2.102164e-01
 14	      60	2.131198e-01
 14	      61	3.185632e+00
 14	      62	3.181930e+00
 14	      63	3.050423e+00
 14	      64	3.116954e+00
 14	      65	3.243936e+00
 14	      66	3.090047e+00
 14	      67	3.278817e+00
 14	      68	3.231526e+00
 14	      69	3.110878e+00
 14	      70	3.293363e+00
 14	      71	3.102841e+00
 14	      72	3.063685e+00
 14	      73	3.298643e+00
 14	      74	3.208495e+00
 14	      75	3.280611e+00
 14	      76	3.208530e+00
 14	      77	3.043703e+00
 14	      78	3.034501e+00
 14	      79	3.160617e+00
 14	      80	3.057783e+00
 14	      81	3.066516e+00
 14	      82	3.236548e+00
 14	      83	3.057155e+00
 14	      84	2.062689e-01
 14	      85	2.080986e-01
 14	      86	2.182581e-01
 14	      87	2.005968e-01
 14	      88	2.076004e-01
 14	      89	2.131015e-01
 14	      90	2.138837e-01
 14	      91	2.151060e-01
 14	      92	2.050488e-01
 14	      93	2.014364e-01
 14	      94	2.157348e-01
 14	      95	2.100609e-01
 15	       0	2.109771e-01
 15	       1	2.014676e-01
 15	       2	2.107323e-01
 15	       3	2.408082e+00
 15	       4	2.086725e-01
 15	       5	2.082428e-01
 15	       6	2.054465e-01
 15	       7	2.064840e-01
 15	       8	1.738334e+00
 15	       9	2.021465e-01
 15	      10	8.176904e-01
 15	      11	2.184349e-01
 15	      12	2.053843e-01
 15	      13	2.164861e-01
 15	      14	2.102953e-01
 15	      15	2.029047e-01
 15	      16	2.081182e-01
 15	      17	5.749579e-01
 15	      18	2.028826e-01
 15	      19	2.016210e-01
 15	      20	2.103271e-01
 15	      21	3.183507e-01
 15	      22	1.238370e+00
 15	      23	2.114243e-01
 15	      24	2.908709e+00
 15	      25	2.143098e-01
 15	      26	2.009821e-01
 15	      27	2.190442e-01
 15	      28	2.159266e-01
 15	      29	3.260444e+00
 15	      30	3.159173e+00
 15	      31	3.095194e+00
 15	      32	3.027513e+00
 15	      33	3.178427e+00
 15	      34	3.249908e+00
 15	      35	3.114565e+00
 15	      36	3.018193e+00
 15	      37	3.040206e+00
 15	      38	3.068471e+00
 15	      39	3.229455e+00
 15	      40	3.211929e+00
 15	      41	3.148510e+00
 15	      42	3.158846e+00
 15	      43	3.288934e+00
 15	      44	3.192169e+00
 15	      45	3.015811e+00
 15	      46	3.244263e+00
 15	      47	3.025961e+00
 15	      48	3.226423e+00
 15	      49	3.023683e+00
 15	      50	3.006575e+00
 15	      51	3.171396e+00
 15	      52	2.079226e-01
 15	      53	2.107436e-01
 15	      54	2.121784e-01
 15	      55	6.745404e-01
 15	      56	2.121160e-01
 15	      57	2.188069e-01
 15	      58	2.107142e-01
 15	      59	2.046507e-01
 15	      60	2.061550e-01
 15	      61	3.199015e+00
 15	      62	3.242254e+00
 15	      63	3.042647e+00
 15	      64	3.066963e+00
 15	      65	3.185313e+00
 15	      66	3.040218e+00
 15	      67	3.016603e+00
 15	      68	3.029283e+00
 15	      69	3.015836e+00
 15	      70	3.127090e+00
 15	      71	3.247296e+00
 15	      72	3.118660e+00
 15	      73	3.104030e+00
 15	      74	3.094249e+00
 15	      75	3.280990e+00
 15	      76	3.195638e+00
 15	      77	3.018540e+00
 15	      78	3.033272e+00
 15	      79	3.274593e+00
 15	      80	3.260256e+00
 15	      81	3.021651e+00
 15	      82	3.260550e+00
 15	      83	3.220994e+00
 15	      84	2.116907e-01
 15	      85	2.054201e-01
 15	      86	2.097183e-01
 15	      87	2.136115e-01
 15	      88	2.086254e+00
 15	      89	2.175025e-01
 15	      90	2.073546e-01
 15	      91	2.012199e-01
 15	      92	2.192348e-01
 15	      93	2.159085e-01
 15	      94	2.077733e-01
 15	      95	2.014719e-01
 16	       0	2.185471e-01
 16	       1	2.044690e-01
 16	       2	2.058638e-01
 16	       3	2.136098e-01
 16	       4	2.009283e-01
 16	       5	2.194521e-01
 16	       6	2.006353e-01
 16	       7	2.102670e-01
 16	       8	2.196849e-01
 16	       9	2.069922e-01
 16	      10	4.838658e-01
 16	      11	2.050867e-01
 16	      12	2.146150e-01
 16	      13	2.190121e-01
 16	      14	2.122307e-01
 16	      15	2.040059e-01
 16	      16	2.074601e-01
 16	      17	2.031167e-01
 16	      18	2.019301e-01
 16	      19	2.020075e-01
 16	      20	2.072232e-01
 16	      21	2.147239e-01
 16	      22	2.153733e-01
 16	      23	2.071610e-01
 16	      24	2.082362e-01
 16	      25	2.138309e-01
 16	      26	2.013513e-01
 16	      27	2.000752e-01
 16	      28	2.109555e+00
 16	      29	3.143223e+00
 16	      30	3.088426e+00
 16	      31	3.205025e+00
 16	      32	3.108265e+00
 16	      33	3.130344e+00
 16	      34	3.247396e+00
 16	      35	3.225602e+00
 16	      36	3.109960e+00
 16	      37	3.176994e+00
 16	      38	3.214107e+00
 16	      39	3.002063e+00
 16	      40	3.024469e+00
 16	      41	3.228616e+00
 16	      42	3.260437e+00
 16	      43	3.274362e+00
 16	      44	3.105431e+00
 16	      45	3.097213e+00
 16	      46	3.036982e+00
 16	      47	3.046511e+00
 16	      48	3.108190e+00
 16	      49	3.262195e+00
 16	      50	3.015214e+00
 16	      51	3.010488e+00
 16	      52	2.102194e-01
 16	      53	2.115934e-01
 16	      54	2.198145e-01
 16	      55	2.005719e-01
 16	      56	2.106854e-01
 16	      57	2.088636e-01
 16	      58	7.366098e-01
 16	      59	2.165349e-01
 16	      60	2.054179e-01
 16	      61	3.149670e+00
 16	      62	3.178621e+00
 16	      63	3.128567e+00
 16	      64	3.158680e+00
 16	      65	3.064154e+00
 16	      66	3.172503e+00
 16	      67	3.062153e+00
 16	      68	3.283012e+00
 16	      69	3.049644e+00
 16	      70	3.280243e+00
 16	      71	3.115016e+00
 16	      72	3.222431e+00
 16	      73	3.231945e+00
 16	      74	3.055488e+00
 16	      75	3.141567e+00
 16	      76	3.049031e+00
 16	      77	3.066813e+00
 16	      78	3.087082e+00
 16	      79	3.125649e+00
 16	      80	3.126777e+00
 16	      81	3.116427e+00
 16	      82	3.021022e+00
 16	      83	3.164246e+00
 16	      84	2.105132e-01
 16	      85	2.064205e-01
 16	      86	2.179537e-01
 16	      87	2.170840e-01
 16	      88	2.114953e-01
 16	      89	2.083677e-01
 16	      90	2.040210e-01
 16	      91	2.175306e-01
 16	      92	6.335421e-01
 16	      93	2.077891e-01
 16	      94	2.095025e-01
 16	      95	2.029491e-01
 17	       0	2.041083e-01
 17	       1	2.811102e+00
 17	       2	2.051796e-01
 17	       3	2.075384e-01
 17	       4	2.130348e-01
 17	       5	2.166947e-01
 17	       6	2.023045e-01
 17	       7	2.100237e-01
 17	       8	2.119098e-01
 17	       9	2.110596e-01
 17	      10	2.068368e-01
 17	      11	2.098477e-01
 17	      12	2.118402e-01
 17	      13	2.207130e+00
 17	      14	2.134988e-01
 17	      15	2.062054e-01
 17	      16	2.164651e-01
 17	      17	2.132935e-01
 17	      18	2.024568e-01
 17	      19	2.102513e-01
 17	      20	2.184953e-01
 17	      21	2.078293e-01
 17	      22	2.110673e-01
 17	      23	2.195091e-01
 17	      24	2.041310e-01
 17	      25	2.182289e-01
 17	      26	2.132996e-01
 17	      27	2.108262e-01
 17	      28	2.042323e-01
 17	      29	3.180321e+00
 17	      30	3.012371e+00
 17	      31	3.154909e+00
 17	      32	3.045855e+00
 17	      33	3.090092e+00
 17	      34	3.277816e+00
 17	      35	3.039441e+00
 17	      36	3.021984e+00
 17	      37	3.001745e+00
 17	      38	3.070859e+00
 17	      39	3.148553e+00
 17	      40	3.101347e+00
 17	      41	3.214423e+00
 17	      42	3.276991e+00
 17	      43	3.172513e+00
 17	      44	3.065440e+00
 17	      45	3.015861e+00
 17	      46	3.102405e+00
 17	      47	3.136973e+00
 17	      48	3.206060e+00
 17	      49	3.056415e+00
 17	      50	3.056440e+00
 17	      51	3.235086e+00
 17	      52	2.072129e-01
 17	      53	2.093863e-01
 17	      54	2.102142e-01
 17	      55	2.152117e-01
 17	      56	2.090563e-01
 17	      57	1.929672e+00
 17	      58	2.014969e-01
 17	      59	2.086215e-01
 17	      60	2.067567e-01
 17	      61	3.117181e+00
 17	      62	3.154032e+00
 17	      63	3.055130e+00
 17	      64	3.208899e+00
 17	      65	3.220366e+00
 17	      66	3.197795e+00
 17	      67	3.271531e+00
 17	      68	3.088971e+00
 17	      69	3.175715e+00
 17	      70	3.041725e+00
 17	      71	3.163994e+00
 17	      72	3.156630e+00
 17	      73	3.021696e+00
 17	      74	3.083661e+00
 17	      75	3.271142e+00
 17	      76	3.244575e+00
 17	      77	3.278323e+00
 17	      78	3.177816e+00
 17	      79	3.040269e+00
 17	      80	3.202661e+00
 17	      81	3.111504e+00
 17	      82	3.174989e+00
 17	      83	3.055310e+00
 17	      84	2.148393e-01
 17	      85	2.039025e-01
 17	      86	2.050529e-01
 17	      87	2.066348e-01
 17	      88	2.012623e-01
 17	      89	2.023137e-01
 17	      90	2.122807e-01
 17	      91	2.177008e-01
 17	      92	2.136593e-01
 17	      93	2.111576e-01
 17	      94	2.105927e-01
 17	      95	2.139589e-01
 18	       0	2.058947e-01
 18	       1	2.164754e-01
 18	       2	2.308217e+00
 18	       3	2.188346e-01
 18	       4	2.100454e-01
 18	       5	2.068337e-01
 18	       6	1.265643e+00
 18	       7	2.078317e-01
 18	       8	2.059126e-01
 18	       9	2.035145e-01
 18	      10	1.794869e+00
 18	      11	2.154254e-01
 18	      12	2.099214e-01
 18	      13	2.112963e-01
 18	      14	2.183200e-01
 18	      15	2.127011e-01
 18	      16	2.031104e-01
 18	      17	2.193057e-01
 18	      18	2.184053e-01
 18	      19	2.066046e-01
 18	      20	2.193403e-01
 18	      21	2.056662e-01
 18	      22	2.172377e-01
 18	      23	2.152313e-01
 18	      24	2.045125e-01
 18	      25	2.076060e-01
 18	      26	2.514209e+00
 18	      27	2.187586e-01
 18	      28	2.198145e-01
 18	      29	3.164582e+00
 18	      30	3.088386e+00
 18	      31	3.247276e+00
 18	      32	3.048466e+00
 18	      33	3.257849e+00
 18	      34	3.205476e+00
 18	      35	3.293896e+00
 18	      36	3.087814e+00
 18	      37	3.034945e+00
 18	      38	3.032649e+00
 18	      39	3.258530e+00
 18	      40	3.105205e+00
 18	      41	3.087724e+00
 18	      42	3.053083e+00
 18	      43	3.203764e+00
 18	      44	3.283817e+00
 18	      45	3.086323e+00
 18	      46	3.071176e+00
 18	      47	3.185352e+00
 18	      48	3.201477e+00
 18	      49	3.018952e+00
 18	      50	3.253608e+00
 18	      51	3.042296e+00
 18	      52	2.159222e-01
 18	      53	2.055196e-01
 18	      54	2.104391e-01
 18	      55	2.075002e-01
 18	      56	2.196508e-01
 18	      57	2.107135e-01
 18	      58	2.198108e-01
 18	      59	2.141772e-01
 18	      60	2.898905e+00
 18	      61	3.090259e+00
 18	      62	3.066338e+00
 18	      63	3.097727e+00
 18	      64	3.196796e+00
 18	      65	3.218455e+00
 18	      66	3.208559e+00
 18	      67	3.257200e+00
 18	      68	3.042194e+00
 18	      69	3.202981e+00
 18	      70	3.161547e+00
 18	      71	3.219634e+00
 18	      72	3.148104e+00
 18	      73	3.095509e+00
 18	      74	3.163196e+00
 18	      75	3.265589e+00
 18	      76	3.079680e+00
 18	      77	3.077980e+00
 18	      78	3.025931e+00
 18	      79	3.239393e+00
 18	      80	3.220772e+00
 18	      81	3.107041e+00
 18	      82	3.104260e+00
 18	      83	3.268842e+00
 18	      84	2.003002e-01
 18	      85	2.007213e-01
 18	      86	2.140127e-01
 18	      87	5.075246e-01
 18	      88	2.016085e-01
 18	      89	2.144705e-01
 18	      90	1.823110e+00
 18	      91	2.162697e-01
 18	      92	2.133716e-01
 18	      93	2.080668e-01
 18	      94	2.077937e-01
 18	      95	2.161235e-01
 19	       0	2.157709e-01
 19	       1	2.012236e-01
 19	       2	1.082365e+00
 19	       3	2.143079e-01
 19	       4	2.174147e-01
 19	       5	2.043351e-01
 19	       6	2.095790e-01
 19	       7	2.088291e-01
 19	       8	2.192688e-01
 19	       9	2.189037e-01
 19	      10	2.073713e-01
 19	      11	2.073309e-01
 19	      12	2.116328e-01
 19	      13	2.161487e-01
 19	      14	2.133957e-01
 19	      15	2.164137e-01
 19	      16	2.033411e-01
 19	      17	2.162630e+00
 19	      18	2.081055e-01
 19	      19	2.098435e-01
 19	      20	2.136750e-01
 19	      21	2.088159e-01
 19	      22	2.026956e-01
 19	      23	2.092654e-01
 19	      24	2.194961e-01
 19	      25	2.119759e-01
 19	      26	2.140843e-01
 19	      27	2.113688e-01
 19	      28	2.115437e-01
 19	      29	3.294157e+00
 19	      30	3.068767e+00
 19	      31	3.185673e+00
 19	      32	3.188693e+00
 19	      33	3.130546e+00
 19	      34	3.284315e+00
 19	      35	3.220878e+00
 19	      36	3.082646e+00
 19	      37	3.101001e+00
 19	      38	3.083037e+00
 19	      39	3.177576e+00
 19	      40	3.097433e+00
 19	      41	3.012051e+00
 19	      42	3.112570e+00
 19	      43	3.073791e+00
 19	      44	3.141656e+00
 19	      45	3.206682e+00
 19	      46	3.137710e+00
 19	      47	3.281395e+00
 19	      48	3.124663e+00
 19	      49	3.257099e+00
 19	      50	3.179794e+00
 19	      51	3.168826e+00
 19	      52	2.159427e-01
 19	      53	2.167815e-01
 19	      54	2.086304e-01
 19	      55	2.011263e-01
 19	      56	2.035501e-01
 19	      57	2.194618e-01
 19	      58	2.069772e-01
 19	      59	2.119305e-01
 19	      60	2.052499e-01
 19	      61	3.096072e+00
 19	      62	3.217655e+00
 19	      63	3.008079e+00
 19	      64	3.155732e+00
 19	      65	3.007888e+00
 19	      66	3.213013e+00
 19	      67	3.128957e+00
 19	      68	3.261196e+00
 19	      69	3.003625e+00
 19	      70	3.044058e+00
 19	      71	3.117441e+00
 19	      72	3.256421e+00
 19	      73	3.119530e+00
 19	      74	3.111971e+00
 19	      75	3.021469e+00
 19	      76	3.201107e+00
 19	      77	3.254650e+00
 19	      78	3.165915e+00
 19	      79	3.021225e+00
 19	      80	3.191756e+00
 19	      81	3.262861e+00
 19	      82	3.136016e+00
 19	      83	3.130173e+00
 19	      84	2.056408e-01
 19	      85	1.169280e+00
 19	      86	2.006030e-01
 19	      87	2.128461e-01
 19	      88	1.630845e+00
 19	      89	2.175192e-01
 19	      90	2.099432e-01
 19	      91	2.043206e+00
 19	      92	2.011061e-01
 19	      93	2.065569e-01
 19	      94	1.571744e+00
 19	      95	2.027799e-01
