0.14608
0.14608
0.14608
0.14608
0.14608
0.14608
0.14608
0.14608
0.14608
0.14608
0.14608
0.14608
0.14608
0.14608
0.14608
0.14608
0.14608
0.14608
0.14608
0.14608
0.14608
0.14608
0.14608
0.14608
0.14608
0.14608
0.14608
0.14608
0.18145
0.18145
0.18145
0.18145
0.18145
0.18145
0.18145
0.18145
0.18145
0.18145
0.18145
0.18145
0.18145
0.18145
0.18145
0.18145
0.18145
0.18145
0.18145
0.18145
0.18145
0.18145
0.18145
0.18145
0.18145
0.18145
0.18145
0.18145
0.14608
0.14608
0.14608
0.14608
0.14608
0.14608
0.14608
0.14608
0.14608
0.14608
0.24127
0.24127
0.24127
0.24127
0.24127
0.24127
0.24127
0.24127
0.24127
0.24127
0.18145
0.18145
0.18145
0.18145
0.18145
0.18145
0.18145
0.18145
0.14608
0.14608
0.14608
0.14608
0.14608
0.14608
0.14608
0.14608
0.14608
0.14608
0.14608
0.14608
