  0	       0	5.118894e-02
  0	       1	5.145533e-02
  0	       2	5.422907e-02
  0	       3	5.076104e-02
  0	       4	5.292769e-02
  0	       5	5.096738e-02
  0	       6	5.405311e-02
  0	       7	5.086765e-02
  0	       8	5.242492e-02
  0	       9	5.075931e-02
  0	      10	5.183479e-02
  0	      11	5.245868e-02
  0	      12	5.455047e-02
  0	      13	5.132628e-02
  0	      14	5.446594e-02
  0	      15	5.110175e-02
  0	      16	5.315899e-02
  0	      17	5.285539e-02
  0	      18	5.166079e-02
  0	      19	5.052227e-02
  0	      20	5.251465e-02
  0	      21	5.283697e-02
  0	      22	5.427082e-02
  0	      23	5.020070e-02
  0	      24	5.054011e-02
  0	      25	5.319698e-02
  0	      26	5.006556e-02
  0	      27	5.360092e-02
  0	      28	5.050907e-02
  0	      29	5.241473e-02
  0	      30	5.127178e-02
  0	      31	5.338349e-02
  0	      32	5.448391e-02
  0	      33	5.379948e-02
  0	      34	5.360146e-02
  0	      35	5.453811e-02
  0	      36	5.464305e-02
  0	      37	5.188831e-02
  0	      38	5.449878e-02
  0	      39	5.389440e-02
  0	      40	5.162127e-02
  0	      41	5.097116e-02
  0	      42	5.497776e-02
  0	      43	5.080648e-02
  0	      44	5.354017e-02
  0	      45	5.250760e-02
  0	      46	5.468150e-02
  0	      47	5.358162e-02
  0	      48	5.052595e-02
  0	      49	5.104602e-02
  0	      50	5.279698e-02
  0	      51	5.352716e-02
  0	      52	5.039117e-02
  0	      53	5.955967e-02
  0	      54	6.457592e-02
  0	      55	7.191948e-02
  0	      56	8.156262e-02
  0	      57	8.706840e-02
  0	      58	9.035885e-02
  0	      59	1.011834e-01
  0	      60	1.041368e-01
  0	      61	1.104191e-01
  0	      62	1.185339e-01
  0	      63	1.282399e-01
  0	      64	1.389557e-01
  0	      65	1.439744e-01
  0	      66	1.531792e-01
  0	      67	1.540869e-01
  0	      68	1.639663e-01
  0	      69	1.678504e-01
  0	      70	1.776515e-01
  0	      71	1.858962e-01
  0	      72	1.714778e-01
  0	      73	1.777161e-01
  0	      74	1.860756e-01
  0	      75	1.845472e-01
  0	      76	1.720566e-01
  0	      77	1.702408e-01
  0	      78	1.739868e-01
  0	      79	1.847273e-01
  0	      80	1.774356e-01
  0	      81	1.830823e-01
  0	      82	1.848580e-01
  0	      83	1.764079e-01
  0	      84	1.860536e-01
  0	      85	1.835744e-01
  0	      86	1.842568e-01
  0	      87	1.729572e-01
  0	      88	1.545564e-01
  0	      89	1.420288e-01
  0	      90	1.258960e-01
  0	      91	1.146328e-01
  0	      92	1.068602e-01
  0	      93	8.736277e-02
  0	      94	8.018018e-02
  0	      95	6.653804e-02
  1	       0	5.245919e-02
  1	       1	5.106065e-02
  1	       2	5.059876e-02
  1	       3	5.024182e-02
  1	       4	5.213013e-02
  1	       5	5.162891e-02
  1	       6	5.052331e-02
  1	       7	5.214458e-02
  1	       8	5.311574e-02
  1	       9	5.309350e-02
  1	      10	5.389998e-02
  1	      11	5.244016e-02
  1	      12	5.494775e-02
  1	      13	5.462926e-02
  1	      14	5.321087e-02
  1	      15	5.373682e-02
  1	      16	5.478285e-02
  1	      17	5.257983e-02
  1	      18	5.110699e-02
  1	      19	5.149816e-02
  1	      20	5.405081e-02
  1	      21	5.003180e-02
  1	      22	5.140285e-02
  1	      23	5.459586e-02
  1	      24	5.183690e-02
  1	      25	5.203626e-02
  1	      26	5.437252e-02
  1	      27	5.476130e-02
  1	      28	5.495180e-02
  1	      29	5.075202e-02
  1	      30	5.274118e-02
  1	      31	5.118567e-02
  1	      32	5.385923e-02
  1	      33	5.229383e-02
  1	      34	5.365611e-02
  1	      35	5.098578e-02
  1	      36	5.236855e-02
  1	      37	5.461898e-02
  1	      38	5.429433e-02
  1	      39	5.472899e-02
  1	      40	5.199843e-02
  1	      41	5.172656e-02
  1	      42	5.100516e-02
  1	      43	5.161004e-02
  1	      44	5.168086e-02
  1	      45	5.285343e-02
  1	      46	5.218500e-02
  1	      47	5.437195e-02
  1	      48	5.321969e-02
  1	      49	5.258970e-02
  1	      50	5.447437e-02
  1	      51	5.419601e-02
  1	      52	5.318848e-02
  1	      53	5.936586e-02
  1	      54	6.601224e-02
  1	      55	7.006325e-02
  1	      56	8.132953e-02
  1	      57	9.106289e-02
  1	      58	9.313837e-02
  1	      59	9.911054e-02
  1	      60	1.075832e-01
  1	      61	1.127108e-01
  1	      62	1.280811e-01
  1	      63	1.291327e-01
  1	      64	1.388705e-01
  1	      65	1.476287e-01
  1	      66	1.555233e-01
  1	      67	1.541473e-01
  1	      68	1.661022e-01
  1	      69	1.748799e-01
  1	      70	1.723094e-01
  1	      71	1.829029e-01
  1	      72	1.764208e-01
  1	      73	1.726808e-01
  1	      74	1.809773e-01
  1	      75	1.807996e-01
  1	      76	1.795391e-01
  1	      77	1.734561e-01
  1	      78	1.861613e-01
  1	      79	1.854230e-01
  1	      80	1.771944e-01
  1	      81	1.809581e-01
  1	      82	1.860519e-01
  1	      83	1.828246e-01
  1	      84	1.829327e-01
  1	      85	1.707024e-01
  1	      86	1.863283e-01
  1	      87	1.631804e-01
  1	      88	1.567328e-01
  1	      89	1.421690e-01
  1	      90	1.288550e-01
  1	      91	1.160747e-01
  1	      92	1.048860e-01
  1	      93	8.815762e-02
  1	      94	7.761135e-02
  1	      95	6.361117e-02
  2	       0	5.359316e-02
  2	       1	5.224927e-02
  2	       2	5.323505e-02
  2	       3	5.060360e-02
  2	       4	5.022259e-02
  2	       5	5.451691e-02
  2	       6	5.424590e-02
  2	       7	5.124433e-02
  2	       8	5.297089e-02
  2	       9	5.397605e-02
  2	      10	5.058609e-02
  2	      11	5.226694e-02
  2	      12	5.012038e-02
  2	      13	5.230537e-02
  2	      14	5.167732e-02
  2	      15	5.489701e-02
  2	      16	5.248672e-02
  2	      17	5.196109e-02
  2	      18	5.115710e-02
  2	      19	5.434558e-02
  2	      20	5.172722e-02
  2	      21	5.384214e-02
  2	      22	5.388732e-02
  2	      23	5.192832e-02
  2	      24	5.156605e-02
  2	      25	5.330959e-02
  2	      26	5.457367e-02
  2	      27	5.163005e-02
  2	      28	5.286223e-02
  2	      29	5.275412e-02
  2	      30	5.010520e-02
  2	      31	5.351692e-02
  2	      32	5.252741e-02
  2	      33	5.177971e-02
  2	      34	5.316214e-02
  2	      35	5.117348e-02
  2	      36	5.470813e-02
  2	      37	5.038736e-02
  2	      38	5.418233e-02
  2	      39	5.107080e-02
  2	      40	5.185926e-02
  2	      41	5.008787e-02
  2	      42	5.326423e-02
  2	      43	5.106985e-02
  2	      44	5.208634e-02
  2	      45	5.183966e-02
  2	      46	5.137582e-02
  2	      47	5.349181e-02
  2	      48	5.171479e-02
  2	      49	5.143593e-02
  2	      50	5.020788e-02
  2	      51	5.401163e-02
  2	      52	5.421822e-02
  2	      53	6.122343e-02
  2	      54	6.416937e-02
  2	      55	7.606990e-02
  2	      56	8.032178e-02
  2	      57	8.365532e-02
  2	      58	9.531796e-02
  2	      59	9.950416e-02
  2	      60	1.089590e-01
  2	      61	1.103569e-01
  2	      62	1.200769e-01
  2	      63	1.234682e-01
  2	      64	1.359903e-01
  2	      65	1.381400e-01
  2	      66	1.466088e-01
  2	      67	1.540956e-01
  2	      68	1.594306e-01
  2	      69	1.637515e-01
  2	      70	1.746660e-01
  2	      71	1.847671e-01
  2	      72	1.812856e-01
  2	      73	1.832783e-01
  2	      74	1.739859e-01
  2	      75	1.743952e-01
  2	      76	1.822335e-01
  2	      77	1.709364e-01
  2	      78	1.705862e-01
  2	      79	1.790411e-01
  2	      80	1.857088e-01
  2	      81	1.726429e-01
  2	      82	1.704179e-01
  2	      83	1.762904e-01
  2	      84	1.723537e-01
  2	      85	1.855706e-01
  2	      86	1.751269e-01
  2	      87	1.677137e-01
  2	      88	1.500400e-01
  2	      89	1.365654e-01
  2	      90	1.283130e-01
  2	      91	1.109889e-01
  2	      92	1.042791e-01
  2	      93	9.169120e-02
  2	      94	7.670212e-02
  2	      95	6.739792e-02
  3	       0	5.113287e-02
  3	       1	5.429501e-02
  3	       2	5.046848e-02
  3	       3	5.017661e-02
  3	       4	5.056397e-02
  3	       5	5.474630e-02
  3	       6	5.081709e-02
  3	       7	5.267635e-02
  3	       8	5.276422e-02
  3	       9	5.102845e-02
  3	      10	5.209830e-02
  3	      11	5.418464e-02
  3	      12	5.102430e-02
  3	      13	5.240012e-02
  3	      14	5.089193e-02
  3	      15	5.260672e-02
  3	      16	5.404265e-02
  3	      17	5.425054e-02
  3	      18	5.326216e-02
  3	      19	5.248038e-02
  3	      20	5.150106e-02
  3	      21	5.216108e-02
  3	      22	5.149672e-02
  3	      23	5.388049e-02
  3	      24	5.407368e-02
  3	      25	5.202811e-02
  3	      26	5.349578e-02
  3	      27	5.121788e-02
  3	      28	5.138008e-02
  3	      29	5.284162e-02
  3	      30	5.289631e-02
  3	      31	5.020028e-02
  3	      32	5.073930e-02
  3	      33	5.188192e-02
  3	      34	5.324713e-02
  3	      35	5.412925e-02
  3	      36	5.425727e-02
  3	      37	5.062962e-02
  3	      38	5.497287e-02
  3	      39	5.329217e-02
  3	      40	5.219756e-02
  3	      41	5.336989e-02
  3	      42	5.466260e-02
  3	      43	5.326068e-02
  3	      44	5.353609e-02
  3	      45	5.370851e-02
  3	      46	5.136765e-02
  3	      47	5.098788e-02
  3	      48	5.176521e-02
  3	      49	5.188812e-02
  3	      50	5.373824e-02
  3	      51	5.443051e-02
  3	      52	5.401010e-02
  3	      53	5.725375e-02
  3	      54	6.788318e-02
  3	      55	7.696576e-02
  3	      56	7.809692e-02
  3	      57	8.920009e-02
  3	      58	9.714523e-02
  3	      59	1.008682e-01
  3	      60	1.043296e-01
  3	      61	1.150772e-01
  3	      62	1.205423e-01
  3	      63	1.302248e-01
  3	      64	1.354310e-01
  3	      65	1.436567e-01
  3	      66	1.511707e-01
  3	      67	1.598937e-01
  3	      68	1.662052e-01
  3	      69	1.759469e-01
  3	      70	1.752280e-01
  3	      71	1.846264e-01
  3	      72	1.711231e-01
  3	      73	1.782573e-01
  3	      74	1.754851e-01
  3	      75	1.789677e-01
  3	      76	1.701281e-01
  3	      77	1.731607e-01
  3	      78	1.820235e-01
  3	      79	1.787686e-01
  3	      80	1.762204e-01
  3	      81	1.703117e-01
  3	      82	1.787450e-01
  3	      83	1.838486e-01
  3	      84	1.741963e-01
  3	      85	1.792852e-01
  3	      86	1.754788e-01
  3	      87	1.601649e-01
  3	      88	1.539226e-01
  3	      89	1.372401e-01
  3	      90	1.279216e-01
  3	      91	1.183753e-01
  3	      92	1.012312e-01
  3	      93	9.381721e-02
  3	      94	8.102285e-02
  3	      95	6.260074e-02
  4	       0	5.236639e-02
  4	       1	5.061352e-02
  4	       2	5.474276e-02
  4	       3	5.400003e-02
  4	       4	5.462965e-02
  4	       5	5.460253e-02
  4	       6	5.289470e-02
  4	       7	5.009226e-02
  4	       8	5.346216e-02
  4	       9	5.312476e-02
  4	      10	5.138544e-02
  4	      11	5.492153e-02
  4	      12	5.363004e-02
  4	      13	5.499770e-02
  4	      14	5.098558e-02
  4	      15	5.275079e-02
  4	      16	5.463891e-02
  4	      17	5.337715e-02
  4	      18	5.280766e-02
  4	      19	5.181776e-02
  4	      20	5.233578e-02
  4	      21	5.092776e-02
  4	      22	5.090331e-02
  4	      23	5.183608e-02
  4	      24	5.035614e-02
  4	      25	5.432571e-02
  4	      26	5.149892e-02
  4	      27	5.198098e-02
  4	      28	5.428879e-02
  4	      29	5.094976e-02
  4	      30	5.374361e-02
  4	      31	5.083247e-02
  4	      32	5.338980e-02
  4	      33	5.112375e-02
  4	      34	5.442167e-02
  4	      35	5.246588e-02
  4	      36	5.132719e-02
  4	      37	5.286484e-02
  4	      38	5.216672e-02
  4	      39	5.249705e-02
  4	      40	5.492567e-02
  4	      41	5.153894e-02
  4	      42	5.417650e-02
  4	      43	5.421419e-02
  4	      44	5.014380e-02
  4	      45	5.368013e-02
  4	      46	5.125912e-02
  4	      47	5.308864e-02
  4	      48	5.318033e-02
  4	      49	5.075240e-02
  4	      50	5.482553e-02
  4	      51	5.105974e-02
  4	      52	5.379067e-02
  4	      53	5.712237e-02
  4	      54	6.471045e-02
  4	      55	7.532058e-02
  4	      56	7.668108e-02
  4	      57	8.739378e-02
  4	      58	9.223780e-02
  4	      59	1.022575e-01
  4	      60	1.083691e-01
  4	      61	1.148001e-01
  4	      62	1.228881e-01
  4	      63	1.234140e-01
  4	      64	1.316802e-01
  4	      65	1.377299e-01
  4	      66	1.559152e-01
  4	      67	1.620560e-01
  4	      68	1.680131e-01
  4	      69	1.682853e-01
  4	      70	1.754678e-01
  4	      71	1.702391e-01
  4	      72	1.808633e-01
  4	      73	1.855738e-01
  4	      74	1.853070e-01
  4	      75	1.806491e-01
  4	      76	1.806413e-01
  4	      77	1.839922e-01
  4	      78	1.763449e-01
  4	      79	1.751172e-01
  4	      80	1.865995e-01
  4	      81	1.791456e-01
  4	      82	1.853260e-01
  4	      83	1.762676e-01
  4	      84	1.794220e-01
  4	      85	1.824932e-01
  4	      86	1.717359e-01
  4	      87	1.607388e-01
  4	      88	1.465618e-01
  4	      89	1.385328e-01
  4	      90	1.309604e-01
  4	      91	1.165144e-01
  4	      92	1.056653e-01
  4	      93	9.056570e-02
  4	      94	7.916067e-02
  4	      95	6.432716e-02
  5	       0	5.300050e-02
  5	       1	5.242216e-02
  5	       2	5.488804e-02
  5	       3	5.121523e-02
  5	       4	5.408008e-02
  5	       5	5.124680e-02
  5	       6	5.374384e-02
  5	       7	5.366951e-02
  5	       8	5.020845e-02
  5	       9	5.438496e-02
  5	      10	5.359914e-02
  5	      11	5.374295e-02
  5	      12	5.242308e-02
  5	      13	5.368220e-02
  5	      14	5.177084e-02
  5	      15	5.495117e-02
  5	      16	5.070357e-02
  5	      17	5.052910e-02
  5	      18	5.158883e-02
  5	      19	5.037950e-02
  5	      20	5.078159e-02
  5	      21	5.186879e-02
  5	      22	5.066920e-02
  5	      23	5.067860e-02
  5	      24	5.311487e-02
  5	      25	5.435809e-02
  5	      26	5.224989e-02
  5	      27	5.468657e-02
  5	      28	5.186842e-02
  5	      29	5.453474e-02
  5	      30	5.456745e-02
  5	      31	5.021368e-02
  5	      32	5.060266e-02
  5	      33	5.499168e-02
  5	      34	5.401034e-02
  5	      35	5.263154e-02
  5	      36	5.414744e-02
  5	      37	5.075560e-02
  5	      38	5.082592e-02
  5	      39	5.402100e-02
  5	      40	5.360152e-02
  5	      41	5.310357e-02
  5	      42	5.123566e-02
  5	      43	5.436545e-02
  5	      44	5.348082e-02
  5	      45	5.034697e-02
  5	      46	5.185203e-02
  5	      47	5.173424e-02
  5	      48	5.442411e-02
  5	      49	5.393175e-02
  5	      50	5.077516e-02
  5	      51	5.354634e-02
  5	      52	5.222083e-02
  5	      53	5.976224e-02
  5	      54	6.789092e-02
  5	      55	7.530671e-02
  5	      56	7.740549e-02
  5	      57	9.025692e-02
  5	      58	9.380746e-02
  5	      59	9.865050e-02
  5	      60	1.109399e-01
  5	      61	1.147686e-01
  5	      62	1.261033e-01
  5	      63	1.283771e-01
  5	      64	1.416140e-01
  5	      65	1.485703e-01
  5	      66	1.449680e-01
  5	      67	1.639509e-01
  5	      68	1.594775e-01
  5	      69	1.784937e-01
  5	      70	1.812555e-01
  5	      71	1.819642e-01
  5	      72	1.798731e-01
  5	      73	1.751102e-01
  5	      74	1.708362e-01
  5	      75	1.790747e-01
  5	      76	1.745941e-01
  5	      77	1.806150e-01
  5	      78	1.804490e-01
  5	      79	1.828411e-01
  5	      80	1.846401e-01
  5	      81	1.730421e-01
  5	      82	1.743324e-01
  5	      83	1.769898e-01
  5	      84	1.833437e-01
  5	      85	1.856190e-01
  5	      86	1.709262e-01
  5	      87	1.687038e-01
  5	      88	1.540165e-01
  5	      89	1.473873e-01
  5	      90	1.334237e-01
  5	      91	1.134105e-01
  5	      92	1.001266e-01
  5	      93	8.712220e-02
  5	      94	7.528185e-02
  5	      95	6.382128e-02
  6	       0	5.146045e-02
  6	       1	5.047080e-02
  6	       2	5.310234e-02
  6	       3	5.224978e-02
  6	       4	5.300538e-02
  6	       5	5.383130e-02
  6	       6	5.285230e-02
  6	       7	5.145381e-02
  6	       8	5.455738e-02
  6	       9	5.079304e-02
  6	      10	5.015849e-02
  6	      11	5.363930e-02
  6	      12	5.398627e-02
  6	      13	5.083830e-02
  6	      14	5.257255e-02
  6	      15	5.199666e-02
  6	      16	5.092841e-02
  6	      17	5.170357e-02
  6	      18	5.024991e-02
  6	      19	5.247074e-02
  6	      20	5.020213e-02
  6	      21	5.380023e-02
  6	      22	5.259073e-02
  6	      23	5.307257e-02
  6	      24	5.222673e-02
  6	      25	5.434198e-02
  6	      26	5.036810e-02
  6	      27	5.404869e-02
  6	      28	5.121623e-02
  6	      29	5.026051e-02
  6	      30	5.230529e-02
  6	      31	5.177223e-02
  6	      32	5.112721e-02
  6	      33	5.169743e-02
  6	      34	5.134772e-02
  6	      35	5.224481e-02
  6	      36	5.188574e-02
  6	      37	5.019619e-02
  6	      38	5.371508e-02
  6	      39	5.161893e-02
  6	      40	5.312193e-02
  6	      41	5.336787e-02
  6	      42	5.103688e-02
  6	      43	5.238810e-02
  6	      44	5.051016e-02
  6	      45	5.358339e-02
  6	      46	5.236020e-02
  6	      47	5.166610e-02
  6	      48	5.256083e-02
  6	      49	5.383506e-02
  6	      50	5.089089e-02
  6	      51	5.481550e-02
  6	      52	5.440932e-02
  6	      53	6.197263e-02
  6	      54	6.722075e-02
  6	      55	7.114014e-02
  6	      56	7.790813e-02
  6	      57	8.415247e-02
  6	      58	9.367511e-02
  6	      59	1.027117e-01
  6	      60	1.111436e-01
  6	      61	1.202196e-01
  6	      62	1.192661e-01
  6	      63	1.296838e-01
  6	      64	1.379178e-01
  6	      65	1.398035e-01
  6	      66	1.530726e-01
  6	      67	1.542084e-01
  6	      68	1.574001e-01
  6	      69	1.734155e-01
  6	      70	1.854367e-01
  6	      71	1.839317e-01
  6	      72	1.866281e-01
  6	      73	1.701669e-01
  6	      74	1.825406e-01
  6	      75	1.790939e-01
  6	      76	1.819441e-01
  6	      77	1.736908e-01
  6	      78	1.804794e-01
  6	      79	1.836360e-01
  6	      80	1.724282e-01
  6	      81	1.732779e-01
  6	      82	1.816784e-01
  6	      83	1.823656e-01
  6	      84	1.782864e-01
  6	      85	1.700949e-01
  6	      86	1.805417e-01
  6	      87	1.590340e-01
  6	      88	1.596340e-01
  6	      89	1.340999e-01
  6	      90	1.319698e-01
  6	      91	1.106649e-01
  6	      92	9.910295e-02
  6	      93	9.093299e-02
  6	      94	8.086757e-02
  6	      95	6.295165e-02
  7	       0	5.246489e-02
  7	       1	5.381261e-02
  7	       2	5.105742e-02
  7	       3	5.294317e-02
  7	       4	5.313935e-02
  7	       5	5.185443e-02
  7	       6	5.347337e-02
  7	       7	5.159529e-02
  7	       8	5.496316e-02
  7	       9	5.100004e-02
  7	      10	5.338814e-02
  7	      11	5.389831e-02
  7	      12	5.248170e-02
  7	      13	5.484189e-02
  7	      14	5.150799e-02
  7	      15	5.406882e-02
  7	      16	5.290388e-02
  7	      17	5.379477e-02
  7	      18	5.361028e-02
  7	      19	5.301960e-02
  7	      20	5.270133e-02
  7	      21	5.077034e-02
  7	      22	5.158473e-02
  7	      23	5.239438e-02
  7	      24	5.288586e-02
  7	      25	5.492759e-02
  7	      26	5.305431e-02
  7	      27	5.183346e-02
  7	      28	5.147874e-02
  7	      29	5.259279e-02
  7	      30	5.016729e-02
  7	      31	5.321259e-02
  7	      32	5.436023e-02
  7	      33	5.275764e-02
  7	      34	5.416043e-02
  7	      35	5.439451e-02
  7	      36	5.248090e-02
  7	      37	5.202109e-02
  7	      38	5.111867e-02
  7	      39	5.100928e-02
  7	      40	5.105837e-02
  7	      41	5.474677e-02
  7	      42	5.242144e-02
  7	      43	5.093442e-02
  7	      44	5.201995e-02
  7	      45	5.010213e-02
  7	      46	5.411272e-02
  7	      47	5.482688e-02
  7	      48	5.079096e-02
  7	      49	5.422578e-02
  7	      50	5.286273e-02
  7	      51	5.029991e-02
  7	      52	5.032783e-02
  7	      53	6.055209e-02
  7	      54	6.809034e-02
  7	      55	7.479461e-02
  7	      56	8.197509e-02
  7	      57	8.758001e-02
  7	      58	9.513041e-02
  7	      59	1.032651e-01
  7	      60	1.059807e-01
  7	      61	1.120267e-01
  7	      62	1.206069e-01
  7	      63	1.335788e-01
  7	      64	1.377121e-01
  7	      65	1.476645e-01
  7	      66	1.489714e-01
  7	      67	1.503184e-01
  7	      68	1.628098e-01
  7	      69	1.647509e-01
  7	      70	1.768994e-01
  7	      71	1.767741e-01
  7	      72	1.801742e-01
  7	      73	1.746939e-01
  7	      74	1.709482e-01
  7	      75	1.793859e-01
  7	      76	1.788484e-01
  7	      77	1.839755e-01
  7	      78	1.808095e-01
  7	      79	1.736827e-01
  7	      80	1.865850e-01
  7	      81	1.818599e-01
  7	      82	1.751265e-01
  7	      83	1.843110e-01
  7	      84	1.869302e-01
  7	      85	1.753183e-01
  7	      86	1.834592e-01
  7	      87	1.638284e-01
  7	      88	1.511743e-01
  7	      89	1.469346e-01
  7	      90	1.260499e-01
  7	      91	1.169048e-01
  7	      92	9.943341e-02
  7	      93	8.754563e-02
  7	      94	8.008459e-02
  7	      95	6.630458e-02
  8	       0	5.122908e-02
  8	       1	5.038950e-02
  8	       2	5.478402e-02
  8	       3	5.226492e-02
  8	       4	5.428601e-02
  8	       5	5.040467e-02
  8	       6	5.141395e-02
  8	       7	5.247232e-02
  8	       8	5.221909e-02
  8	       9	5.464054e-02
  8	      10	5.057496e-02
  8	      11	5.259491e-02
  8	      12	5.269703e-02
  8	      13	5.180975e-02
  8	      14	5.163663e-02
  8	      15	5.242759e-02
  8	      16	5.165337e-02
  8	      17	5.451610e-02
  8	      18	5.481601e-02
  8	      19	5.014384e-02
  8	      20	5.357216e-02
  8	      21	5.232769e-02
  8	      22	5.075241e-02
  8	      23	5.421443e-02
  8	      24	5.176244e-02
  8	      25	5.461266e-02
  8	      26	5.302562e-02
  8	      27	5.430660e-02
  8	      28	5.022783e-02
  8	      29	5.191652e-02
  8	      30	5.107009e-02
  8	      31	5.403628e-02
  8	      32	5.305990e-02
  8	      33	5.002668e-02
  8	      34	5.013282e-02
  8	      35	5.209339e-02
  8	      36	5.252732e-02
  8	      37	5.455655e-02
  8	      38	5.154893e-02
  8	      39	5.454135e-02
  8	      40	5.092192e-02
  8	      41	5.120079e-02
  8	      42	5.396136e-02
  8	      43	5.156383e-02
  8	      44	5.067428e-02
  8	      45	5.385355e-02
  8	      46	5.493670e-02
  8	      47	5.481463e-02
  8	      48	5.330284e-02
  8	      49	5.481064e-02
  8	      50	5.401978e-02
  8	      51	5.399925e-02
  8	      52	5.056346e-02
  8	      53	6.179165e-02
  8	      54	6.506422e-02
  8	      55	7.439393e-02
  8	      56	8.121279e-02
  8	      57	9.104111e-02
  8	      58	9.497377e-02
  8	      59	1.034228e-01
  8	      60	1.124125e-01
  8	      61	1.177096e-01
  8	      62	1.212769e-01
  8	      63	1.312387e-01
  8	      64	1.393454e-01
  8	      65	1.459010e-01
  8	      66	1.451775e-01
  8	      67	1.647880e-01
  8	      68	1.577132e-01
  8	      69	1.690433e-01
  8	      70	1.843490e-01
  8	      71	1.748939e-01
  8	      72	1.736717e-01
  8	      73	1.756266e-01
  8	      74	1.844493e-01
  8	      75	1.766192e-01
  8	      76	1.827723e-01
  8	      77	1.713369e-01
  8	      78	1.795907e-01
  8	      79	1.852122e-01
  8	      80	1.835669e-01
  8	      81	1.829413e-01
  8	      82	1.834304e-01
  8	      83	1.785758e-01
  8	      84	1.864899e-01
  8	      85	1.720481e-01
  8	      86	1.863771e-01
  8	      87	1.629904e-01
  8	      88	1.494804e-01
  8	      89	1.453030e-01
  8	      90	1.305989e-01
  8	      91	1.182543e-01
  8	      92	9.931021e-02
  8	      93	8.899034e-02
  8	      94	7.514678e-02
  8	      95	6.675509e-02
  9	       0	5.386143e-02
  9	       1	5.399425e-02
  9	       2	5.108764e-02
  9	       3	5.361496e-02
  9	       4	5.317150e-02
  9	       5	5.472043e-02
  9	       6	5.426178e-02
  9	       7	5.018370e-02
  9	       8	5.138449e-02
  9	       9	5.034586e-02
  9	      10	5.190969e-02
  9	      11	5.258397e-02
  9	      12	5.143752e-02
  9	      13	5.137422e-02
  9	      14	5.118885e-02
  9	      15	5.449169e-02
  9	      16	5.430234e-02
  9	      17	5.332211e-02
  9	      18	5.232136e-02
  9	      19	5.288482e-02
  9	      20	5.240686e-02
  9	      21	5.377335e-02
  9	      22	5.191187e-02
  9	      23	5.487673e-02
  9	      24	5.450139e-02
  9	      25	5.226460e-02
  9	      26	5.075914e-02
  9	      27	5.015230e-02
  9	      28	5.365667e-02
  9	      29	5.063247e-02
  9	      30	5.383736e-02
  9	      31	5.243175e-02
  9	      32	5.081016e-02
  9	      33	5.145349e-02
  9	      34	5.138282e-02
  9	      35	5.171683e-02
  9	      36	5.346479e-02
  9	      37	5.268508e-02
  9	      38	5.412445e-02
  9	      39	5.020437e-02
  9	      40	5.185925e-02
  9	      41	5.110903e-02
  9	      42	5.305585e-02
  9	      43	5.181242e-02
  9	      44	5.220563e-02
  9	      45	5.002642e-02
  9	      46	5.450059e-02
  9	      47	5.349085e-02
  9	      48	5.229713e-02
  9	      49	5.124725e-02
  9	      50	5.376953e-02
  9	      51	5.361950e-02
  9	      52	5.422188e-02
  9	      53	6.124384e-02
  9	      54	6.411605e-02
  9	      55	7.253377e-02
  9	      56	7.824197e-02
  9	      57	9.091917e-02
  9	      58	9.594623e-02
  9	      59	1.043457e-01
  9	      60	1.048017e-01
  9	      61	1.132678e-01
  9	      62	1.174136e-01
  9	      63	1.336478e-01
  9	      64	1.382571e-01
  9	      65	1.483200e-01
  9	      66	1.515847e-01
  9	      67	1.531497e-01
  9	      68	1.590803e-01
  9	      69	1.634382e-01
  9	      70	1.707337e-01
  9	      71	1.754410e-01
  9	      72	1.766169e-01
  9	      73	1.831098e-01
  9	      74	1.748953e-01
  9	      75	1.797829e-01
  9	      76	1.844552e-01
  9	      77	1.714973e-01
  9	      78	1.867691e-01
  9	      79	1.843970e-01
  9	      80	1.786922e-01
  9	      81	1.865849e-01
  9	      82	1.793933e-01
  9	      83	1.705766e-01
  9	      84	1.834060e-01
  9	      85	1.729063e-01
  9	      86	1.724872e-01
  9	      87	1.587360e-01
  9	      88	1.532928e-01
  9	      89	1.427278e-01
  9	      90	1.303178e-01
  9	      91	1.145444e-01
  9	      92	1.032883e-01
  9	      93	8.864098e-02
  9	      94	7.987146e-02
  9	      95	6.792393e-02
 10	       0	5.123085e-02
 10	       1	5.261367e-02
 10	       2	5.433050e-02
 10	       3	5.279530e-02
 10	       4	5.048037e-02
 10	       5	5.460482e-02
 10	       6	5.480919e-02
 10	       7	5.166844e-02
 10	       8	5.277747e-02
 10	       9	5.083333e-02
 10	      10	5.264575e-02
 10	      11	5.485138e-02
 10	      12	5.487780e-02
 10	      13	5.437839e-02
 10	      14	5.286924e-02
 10	      15	5.016637e-02
 10	      16	5.141362e-02
 10	      17	5.018315e-02
 10	      18	5.380265e-02
 10	      19	5.302453e-02
 10	      20	5.206322e-02
 10	      21	5.268115e-02
 10	      22	5.449099e-02
 10	      23	5.051836e-02
 10	      24	5.006986e-02
 10	      25	5.337332e-02
 10	      26	5.234526e-02
 10	      27	5.305577e-02
 10	      28	5.454113e-02
 10	      29	5.486124e-02
 10	      30	5.404278e-02
 10	      31	5.221858e-02
 10	      32	5.148200e-02
 10	      33	5.436039e-02
 10	      34	5.041027e-02
 10	      35	5.118059e-02
 10	      36	5.121268e-02
 10	      37	5.142848e-02
 10	      38	5.302877e-02
 10	      39	5.497492e-02
 10	      40	5.383076e-02
 10	      41	5.027056e-02
 10	      42	5.314788e-02
 10	      43	5.239942e-02
 10	      44	5.283981e-02
 10	      45	5.277190e-02
 10	      46	5.200632e-02
 10	      47	5.456285e-02
 10	      48	5.444075e-02
 10	      49	5.220348e-02
 10	      50	5.237306e-02
 10	      51	5.131599e-02
 10	      52	5.217079e-02
 10	      53	5.995595e-02
 10	      54	6.730462e-02
 10	      55	7.088585e-02
 10	      56	8.263042e-02
 10	      57	8.716392e-02
 10	      58	9.785515e-02
 10	      59	1.006533e-01
 10	      60	1.107682e-01
 10	      61	1.156424e-01
 10	      62	1.221315e-01
 10	      63	1.321466e-01
 10	      64	1.330852e-01
 10	      65	1.380801e-01
 10	      66	1.528289e-01
 10	      67	1.613783e-01
 10	      68	1.673125e-01
 10	      69	1.738088e-01
 10	      70	1.865758e-01
 10	      71	1.790192e-01
 10	      72	1.818525e-01
 10	      73	1.738481e-01
 10	      74	1.733427e-01
 10	      75	1.729273e-01
 10	      76	1.708138e-01
 10	      77	1.805692e-01
 10	      78	1.811348e-01
 10	      79	1.859412e-01
 10	      80	1.865639e-01
 10	      81	1.824929e-01
 10	      82	1.757763e-01
 10	      83	1.827912e-01
 10	      84	1.749071e-01
 10	      85	1.731765e-01
 10	      86	1.749389e-01
 10	      87	1.628110e-01
 10	      88	1.602957e-01
 10	      89	1.400060e-01
 10	      90	1.227242e-01
 10	      91	1.206435e-01
 10	      92	1.072104e-01
 10	      93	9.243618e-02
 10	      94	7.542160e-02
 10	      95	6.502875e-02
 11	       0	5.180293e-02
 11	       1	5.221320e-02
 11	       2	5.339379e-02
 11	       3	5.460648e-02
 11	       4	5.103496e-02
 11	       5	5.406373e-02
 11	       6	5.403865e-02
 11	       7	5.286941e-02
 11	       8	5.313997e-02
 11	       9	5.128785e-02
 11	      10	5.368727e-02
 11	      11	5.152708e-02
 11	      12	5.429898e-02
 11	      13	5.130529e-02
 11	      14	5.086815e-02
 11	      15	5.030890e-02
 11	      16	5.251238e-02
 11	      17	5.488544e-02
 11	      18	5.120143e-02
 11	      19	5.337221e-02
 11	      20	5.127453e-02
 11	      21	5.440975e-02
 11	      22	5.004250e-02
 11	      23	5.393190e-02
 11	      24	5.123026e-02
 11	      25	5.059423e-02
 11	      26	5.265629e-02
 11	      27	5.125380e-02
 11	      28	5.381852e-02
 11	      29	5.116059e-02
 11	      30	5.473352e-02
 11	      31	5.092012e-02
 11	      32	5.143722e-02
 11	      33	5.474962e-02
 11	      34	5.354239e-02
 11	      35	5.193999e-02
 11	      36	5.014678e-02
 11	      37	5.002201e-02
 11	      38	5.267471e-02
 11	      39	5.116074e-02
 11	      40	5.229253e-02
 11	      41	5.327569e-02
 11	      42	5.413665e-02
 11	      43	5.437599e-02
 11	      44	5.248458e-02
 11	      45	5.075954e-02
 11	      46	5.044811e-02
 11	      47	5.031984e-02
 11	      48	5.399422e-02
 11	      49	5.069313e-02
 11	      50	5.445526e-02
 11	      51	5.089854e-02
 11	      52	5.183279e-02
 11	      53	6.039013e-02
 11	      54	6.942332e-02
 11	      55	7.658514e-02
 11	      56	7.964858e-02
 11	      57	8.706924e-02
 11	      58	9.374308e-02
 11	      59	1.001054e-01
 11	      60	1.044093e-01
 11	      61	1.132586e-01
 11	      62	1.258220e-01
 11	      63	1.251257e-01
 11	      64	1.376436e-01
 11	      65	1.403120e-01
 11	      66	1.460283e-01
 11	      67	1.559252e-01
 11	      68	1.599216e-01
 11	      69	1.635863e-01
 11	      70	1.800193e-01
 11	      71	1.736952e-01
 11	      72	1.780739e-01
 11	      73	1.736106e-01
 11	      74	1.788027e-01
 11	      75	1.764192e-01
 11	      76	1.808572e-01
 11	      77	1.838089e-01
 11	      78	1.848592e-01
 11	      79	1.764013e-01
 11	      80	1.760118e-01
 11	      81	1.800966e-01
 11	      82	1.745622e-01
 11	      83	1.788956e-01
 11	      84	1.768887e-01
 11	      85	1.770332e-01
 11	      86	1.734017e-01
 11	      87	1.650492e-01
 11	      88	1.542489e-01
 11	      89	1.352898e-01
 11	      90	1.262336e-01
 11	      91	1.112179e-01
 11	      92	1.013598e-01
 11	      93	8.849004e-02
 11	      94	7.750437e-02
 11	      95	6.671825e-02
 12	       0	5.355466e-02
 12	       1	5.209706e-02
 12	       2	5.403704e-02
 12	       3	5.418382e-02
 12	       4	5.420583e-02
 12	       5	5.188054e-02
 12	       6	5.304128e-02
 12	       7	5.033381e-02
 12	       8	5.360950e-02
 12	       9	5.274614e-02
 12	      10	5.212214e-02
 12	      11	5.460672e-02
 12	      12	5.036626e-02
 12	      13	5.081437e-02
 12	      14	5.113421e-02
 12	      15	5.012843e-02
 12	      16	5.082156e-02
 12	      17	5.027683e-02
 12	      18	5.117536e-02
 12	      19	5.300816e-02
 12	      20	5.129356e-02
 12	      21	5.110145e-02
 12	      22	5.080512e-02
 12	      23	5.274985e-02
 12	      24	5.499139e-02
 12	      25	5.207088e-02
 12	      26	5.384955e-02
 12	      27	5.437018e-02
 12	      28	5.085135e-02
 12	      29	5.477506e-02
 12	      30	5.050170e-02
 12	      31	5.344155e-02
 12	      32	5.477519e-02
 12	      33	5.071530e-02
 12	      34	5.269038e-02
 12	      35	5.372918e-02
 12	      36	5.380663e-02
 12	      37	5.175349e-02
 12	      38	5.284032e-02
 12	      39	5.021501e-02
 12	      40	5.127696e-02
 12	      41	5.386600e-02
 12	      42	5.075401e-02
 12	      43	5.394732e-02
 12	      44	5.300877e-02
 12	      45	5.237913e-02
 12	      46	5.426186e-02
 12	      47	5.103003e-02
 12	      48	5.399963e-02
 12	      49	5.034145e-02
 12	      50	5.295778e-02
 12	      51	5.498388e-02
 12	      52	5.205247e-02
 12	      53	6.012670e-02
 12	      54	6.369271e-02
 12	      55	7.435218e-02
 12	      56	8.217128e-02
 12	      57	8.387505e-02
 12	      58	9.158151e-02
 12	      59	1.016794e-01
 12	      60	1.116837e-01
 12	      61	1.130983e-01
 12	      62	1.171645e-01
 12	      63	1.326278e-01
 12	      64	1.322492e-01
 12	      65	1.500658e-01
 12	      66	1.550463e-01
 12	      67	1.598753e-01
 12	      68	1.572065e-01
 12	      69	1.738310e-01
 12	      70	1.820611e-01
 12	      71	1.773334e-01
 12	      72	1.866703e-01
 12	      73	1.768856e-01
 12	      74	1.755484e-01
 12	      75	1.767937e-01
 12	      76	1.795626e-01
 12	      77	1.834189e-01
 12	      78	1.838555e-01
 12	      79	1.866489e-01
 12	      80	1.705901e-01
 12	      81	1.745863e-01
 12	      82	1.848140e-01
 12	      83	1.722121e-01
 12	      84	1.759571e-01
 12	      85	1.786945e-01
 12	      86	1.710439e-01
 12	      87	1.589430e-01
 12	      88	1.529184e-01
 12	      89	1.372665e-01
 12	      90	1.234372e-01
 12	      91	1.131688e-01
 12	      92	1.003823e-01
 12	      93	8.895347e-02
 12	      94	7.423485e-02
 12	      95	6.811800e-02
 13	       0	5.064917e-02
 13	       1	5.333955e-02
 13	       2	5.206873e-02
 13	       3	5.087536e-02
 13	       4	5.262884e-02
 13	       5	5.046916e-02
 13	       6	5.068417e-02
 13	       7	5.196113e-02
 13	       8	5.082713e-02
 13	       9	5.158114e-02
 13	      10	5.052845e-02
 13	      11	5.353722e-02
 13	      12	5.091635e-02
 13	      13	5.017821e-02
 13	      14	5.120824e-02
 13	      15	5.020787e-02
 13	      16	5.054932e-02
 13	      17	5.350710e-02
 13	      18	5.349098e-02
 13	      19	5.054345e-02
 13	      20	5.359642e-02
 13	      21	5.388014e-02
 13	      22	5.198884e-02
 13	      23	5.057880e-02
 13	      24	5.090383e-02
 13	      25	5.178245e-02
 13	      26	5.437524e-02
 13	      27	5.341573e-02
 13	      28	5.482404e-02
 13	      29	5.003739e-02
 13	      30	5.380541e-02
 13	      31	5.467048e-02
 13	      32	5.457259e-02
 13	      33	5.365852e-02
 13	      34	5.195028e-02
 13	      35	5.212258e-02
 13	      36	5.033616e-02
 13	      37	5.388355e-02
 13	      38	5.104044e-02
 13	      39	5.094347e-02
 13	      40	5.296864e-02
 13	      41	5.460053e-02
 13	      42	5.159868e-02
 13	      43	5.441119e-02
 13	      44	5.335792e-02
 13	      45	5.243308e-02
 13	      46	5.232980e-02
 13	      47	5.250334e-02
 13	      48	5.385225e-02
 13	      49	5.320931e-02
 13	      50	5.385994e-02
 13	      51	5.061202e-02
 13	      52	5.316921e-02
 13	      53	6.060642e-02
 13	      54	6.811460e-02
 13	      55	7.160159e-02
 13	      56	8.028971e-02
 13	      57	8.825314e-02
 13	      58	9.790608e-02
 13	      59	9.784155e-02
 13	      60	1.081380e-01
 13	      61	1.154637e-01
 13	      62	1.223072e-01
 13	      63	1.308975e-01
 13	      64	1.336559e-01
 13	      65	1.461646e-01
 13	      66	1.558039e-01
 13	      67	1.559371e-01
 13	      68	1.643377e-01
 13	      69	1.735658e-01
 13	      70	1.703179e-01
 13	      71	1.731302e-01
 13	      72	1.785060e-01
 13	      73	1.803028e-01
 13	      74	1.753293e-01
 13	      75	1.784449e-01
 13	      76	1.790508e-01
 13	      77	1.831588e-01
 13	      78	1.838656e-01
 13	      79	1.857333e-01
 13	      80	1.806574e-01
 13	      81	1.755267e-01
 13	      82	1.773745e-01
 13	      83	1.726023e-01
 13	      84	1.857948e-01
 13	      85	1.755568e-01
 13	      86	1.775247e-01
 13	      87	1.678497e-01
 13	      88	1.603063e-01
 13	      89	1.454561e-01
 13	      90	1.285646e-01
 13	      91	1.155318e-01
 13	      92	1.030016e-01
 13	      93	8.833446e-02
 13	      94	7.552103e-02
 13	      95	6.274439e-02
 14	       0	5.425884e-02
 14	       1	5.120912e-02
 14	       2	5.333170e-02
 14	       3	5.366786e-02
 14	       4	5.255141e-02
 14	       5	5.359185e-02
 14	       6	5.453532e-02
 14	       7	5.250397e-02
 14	       8	5.210450e-02
 14	       9	5.370318e-02
 14	      10	5.311437e-02
 14	      11	5.147229e-02
 14	      12	5.390537e-02
 14	      13	5.123516e-02
 14	      14	5.373851e-02
 14	      15	5.259076e-02
 14	      16	5.080007e-02
 14	      17	5.466001e-02
 14	      18	5.027203e-02
 14	      19	5.344124e-02
 14	      20	5.191749e-02
 14	      21	5.069218e-02
 14	      22	5.183618e-02
 14	      23	5.419903e-02
 14	      24	5.215091e-02
 14	      25	5.154318e-02
 14	      26	5.215088e-02
 14	      27	5.447572e-02
 14	      28	5.195924e-02
 14	      29	5.437662e-02
 14	      30	5.244319e-02
 14	      31	5.384930e-02
 14	      32	5.232415e-02
 14	      33	5.167434e-02
 14	      34	5.365338e-02
 14	      35	5.110159e-02
 14	      36	5.423396e-02
 14	      37	5.432747e-02
 14	      38	5.024810e-02
 14	      39	5.274987e-02
 14	      40	5.078010e-02
 14	      41	5.234754e-02
 14	      42	5.483134e-02
 14	      43	5.249334e-02
 14	      44	5.136358e-02
 14	      45	5.044169e-02
 14	      46	5.006913e-02
 14	      47	5.320366e-02
 14	      48	5.482917e-02
 14	      49	5.199813e-02
 14	      50	5.276351e-02
 14	      51	5.240903e-02
 14	      52	5.404338e-02
 14	      53	5.809074e-02
 14	      54	6.887312e-02
 14	      55	7.598212e-02
 14	      56	8.210634e-02
 14	      57	8.539668e-02
 14	      58	9.675441e-02
 14	      59	9.918828e-02
 14	      60	1.088338e-01
 14	      61	1.181163e-01
 14	      62	1.266756e-01
 14	      63	1.320860e-01
 14	      64	1.423695e-01
 14	      65	1.451105e-01
 14	      66	1.483703e-01
 14	      67	1.629254e-01
 14	      68	1.657544e-01
 14	      69	1.712898e-01
 14	      70	1.867947e-01
 14	      71	1.769500e-01
 14	      72	1.725408e-01
 14	      73	1.831297e-01
 14	      74	1.711355e-01
 14	      75	1.844137e-01
 14	      76	1.716133e-01
 14	      77	1.843242e-01
 14	      78	1.761328e-01
 14	      79	1.788530e-01
 14	      80	1.776971e-01
 14	      81	1.786220e-01
 14	      82	1.733222e-01
 14	      83	1.798417e-01
 14	      84	1.821951e-01
 14	      85	1.714381e-01
 14	      86	1.857148e-01
 14	      87	1.636024e-01
 14	      88	1.556830e-01
 14	      89	1.352515e-01
 14	      90	1.340601e-01
 14	      91	1.141842e-01
 14	      92	1.005059e-01
 14	      93	9.240138e-02
 14	      94	7.780513e-02
 14	      95	6.807002e-02
 15	       0	5.156952e-02
 15	       1	5.022291e-02
 15	       2	5.132450e-02
 15	       3	5.055846e-02
 15	       4	5.488593e-02
 15	       5	5.013403e-02
 15	       6	5.288391e-02
 15	       7	5.366400e-02
 15	       8	5.101154e-02
 15	       9	5.084288e-02
 15	      10	5.333622e-02
 15	      11	5.469980e-02
 15	      12	5.014149e-02
 15	      13	5.021062e-02
 15	      14	5.341428e-02
 15	      15	5.324345e-02
 15	      16	5.024158e-02
 15	      17	5.300510e-02
 15	      18	5.041413e-02
 15	      19	5.445751e-02
 15	      20	5.071405e-02
 15	      21	5.008756e-02
 15	      22	5.436051e-02
 15	      23	5.290812e-02
 15	      24	5.414613e-02
 15	      25	5.289858e-02
 15	      26	5.420286e-02
 15	      27	5.186439e-02
 15	      28	5.055363e-02
 15	      29	5.484319e-02
 15	      30	5.339158e-02
 15	      31	5.314909e-02
 15	      32	5.123830e-02
 15	      33	5.299536e-02
 15	      34	5.230384e-02
 15	      35	5.020417e-02
 15	      36	5.263982e-02
 15	      37	5.257944e-02
 15	      38	5.462355e-02
 15	      39	5.037085e-02
 15	      40	5.423252e-02
 15	      41	5.456647e-02
 15	      42	5.380580e-02
 15	      43	5.428029e-02
 15	      44	5.349328e-02
 15	      45	5.029704e-02
 15	      46	5.290087e-02
 15	      47	5.016471e-02
 15	      48	5.270058e-02
 15	      49	5.367770e-02
 15	      50	5.157231e-02
 15	      51	5.015910e-02
 15	      52	5.058206e-02
 15	      53	5.689793e-02
 15	      54	6.583749e-02
 15	      55	7.041027e-02
 15	      56	7.783203e-02
 15	      57	8.450450e-02
 15	      58	9.468832e-02
 15	      59	1.041741e-01
 15	      60	1.087168e-01
 15	      61	1.103871e-01
 15	      62	1.168326e-01
 15	      63	1.273802e-01
 15	      64	1.348452e-01
 15	      65	1.453806e-01
 15	      66	1.540733e-01
 15	      67	1.608973e-01
 15	      68	1.684683e-01
 15	      69	1.687245e-01
 15	      70	1.710689e-01
 15	      71	1.745081e-01
 15	      72	1.773739e-01
 15	      73	1.717170e-01
 15	      74	1.706963e-01
 15	      75	1.711774e-01
 15	      76	1.718935e-01
 15	      77	1.835021e-01
 15	      78	1.775298e-01
 15	      79	1.783512e-01
 15	      80	1.715685e-01
 15	      81	1.729765e-01
 15	      82	1.711321e-01
 15	      83	1.735599e-01
 15	      84	1.738576e-01
 15	      85	1.716833e-01
 15	      86	1.815709e-01
 15	      87	1.660559e-01
 15	      88	1.473079e-01
 15	      89	1.464641e-01
 15	      90	1.256970e-01
 15	      91	1.145513e-01
 15	      92	1.017475e-01
 15	      93	8.652213e-02
 15	      94	7.910993e-02
 15	      95	6.781678e-02
 16	       0	5.268631e-02
 16	       1	5.499015e-02
 16	       2	5.019432e-02
 16	       3	5.283414e-02
 16	       4	5.041358e-02
 16	       5	5.003713e-02
 16	       6	5.040798e-02
 16	       7	5.464050e-02
 16	       8	5.420697e-02
 16	       9	5.301277e-02
 16	      10	5.229306e-02
 16	      11	5.078635e-02
 16	      12	5.108339e-02
 16	      13	5.398425e-02
 16	      14	5.414896e-02
 16	      15	5.184955e-02
 16	      16	5.052724e-02
 16	      17	5.209955e-02
 16	      18	5.225865e-02
 16	      19	5.284071e-02
 16	      20	5.304476e-02
 16	      21	5.002172e-02
 16	      22	5.031477e-02
 16	      23	5.107479e-02
 16	      24	5.177749e-02
 16	      25	5.438211e-02
 16	      26	5.326527e-02
 16	      27	5.087017e-02
 16	      28	5.104610e-02
 16	      29	5.111722e-02
 16	      30	5.275785e-02
 16	      31	5.462140e-02
 16	      32	5.280944e-02
 16	      33	5.155594e-02
 16	      34	5.018837e-02
 16	      35	5.395483e-02
 16	      36	5.060520e-02
 16	      37	5.091957e-02
 16	      38	5.224549e-02
 16	      39	5.441428e-02
 16	      40	5.491929e-02
 16	      41	5.012410e-02
 16	      42	5.047040e-02
 16	      43	5.102731e-02
 16	      44	5.499850e-02
 16	      45	5.221314e-02
 16	      46	5.466937e-02
 16	      47	5.013069e-02
 16	      48	5.100614e-02
 16	      49	5.133911e-02
 16	      50	5.238612e-02
 16	      51	5.352070e-02
 16	      52	5.401579e-02
 16	      53	5.940820e-02
 16	      54	6.962656e-02
 16	      55	7.058276e-02
 16	      56	7.676945e-02
 16	      57	8.597033e-02
 16	      58	9.657179e-02
 16	      59	9.775509e-02
 16	      60	1.051242e-01
 16	      61	1.195022e-01
 16	      62	1.260237e-01
 16	      63	1.275179e-01
 16	      64	1.343852e-01
 16	      65	1.418079e-01
 16	      66	1.568499e-01
 16	      67	1.503859e-01
 16	      68	1.571861e-01
 16	      69	1.652076e-01
 16	      70	1.707285e-01
 16	      71	1.850322e-01
 16	      72	1.782756e-01
 16	      73	1.860720e-01
 16	      74	1.717456e-01
 16	      75	1.754291e-01
 16	      76	1.719756e-01
 16	      77	1.860821e-01
 16	      78	1.753705e-01
 16	      79	1.771632e-01
 16	      80	1.843017e-01
 16	      81	1.749811e-01
 16	      82	1.846395e-01
 16	      83	1.779916e-01
 16	      84	1.780655e-01
 16	      85	1.791357e-01
 16	      86	1.827900e-01
 16	      87	1.597041e-01
 16	      88	1.603704e-01
 16	      89	1.425402e-01
 16	      90	1.318986e-01
 16	      91	1.102264e-01
 16	      92	1.003915e-01
 16	      93	9.284214e-02
 16	      94	7.932709e-02
 16	      95	6.374694e-02
 17	       0	5.296476e-02
 17	       1	5.315313e-02
 17	       2	5.210796e-02
 17	       3	5.271316e-02
 17	       4	5.363274e-02
 17	       5	5.087822e-02
 17	       6	5.029251e-02
 17	       7	5.021180e-02
 17	       8	5.033590e-02
 17	       9	5.080629e-02
 17	      10	5.183360e-02
 17	      11	5.183210e-02
 17	      12	5.404524e-02
 17	      13	5.371461e-02
 17	      14	5.384530e-02
 17	      15	5.485144e-02
 17	      16	5.119055e-02
 17	      17	5.357667e-02
 17	      18	5.209738e-02
 17	      19	5.111317e-02
 17	      20	5.353217e-02
 17	      21	5.350051e-02
 17	      22	5.391677e-02
 17	      23	5.398381e-02
 17	      24	5.056601e-02
 17	      25	5.421700e-02
 17	      26	5.477998e-02
 17	      27	5.064652e-02
 17	      28	5.496571e-02
 17	      29	5.397585e-02
 17	      30	5.067231e-02
 17	      31	5.235891e-02
 17	      32	5.423984e-02
 17	      33	5.395491e-02
 17	      34	5.408356e-02
 17	      35	5.424934e-02
 17	      36	5.482310e-02
 17	      37	5.003736e-02
 17	      38	5.445860e-02
 17	      39	5.189261e-02
 17	      40	5.161968e-02
 17	      41	5.213310e-02
 17	      42	5.372991e-02
 17	      43	5.431097e-02
 17	      44	5.404100e-02
 17	      45	5.062057e-02
 17	      46	5.272739e-02
 17	      47	5.193376e-02
 17	      48	5.339877e-02
 17	      49	5.270449e-02
 17	      50	5.005498e-02
 17	      51	5.242719e-02
 17	      52	5.011417e-02
 17	      53	6.105940e-02
 17	      54	6.892592e-02
 17	      55	7.607120e-02
 17	      56	8.053559e-02
 17	      57	8.596672e-02
 17	      58	9.302930e-02
 17	      59	1.022793e-01
 17	      60	1.072209e-01
 17	      61	1.110570e-01
 17	      62	1.210750e-01
 17	      63	1.353066e-01
 17	      64	1.378186e-01
 17	      65	1.369813e-01
 17	      66	1.514411e-01
 17	      67	1.543830e-01
 17	      68	1.639963e-01
 17	      69	1.719304e-01
 17	      70	1.796680e-01
 17	      71	1.808101e-01
 17	      72	1.835515e-01
 17	      73	1.727857e-01
 17	      74	1.790149e-01
 17	      75	1.757687e-01
 17	      76	1.713984e-01
 17	      77	1.844724e-01
 17	      78	1.839673e-01
 17	      79	1.710152e-01
 17	      80	1.831759e-01
 17	      81	1.733069e-01
 17	      82	1.770917e-01
 17	      83	1.721011e-01
 17	      84	1.840029e-01
 17	      85	1.803199e-01
 17	      86	1.768648e-01
 17	      87	1.661688e-01
 17	      88	1.512621e-01
 17	      89	1.382399e-01
 17	      90	1.274377e-01
 17	      91	1.148274e-01
 17	      92	1.002935e-01
 17	      93	8.916900e-02
 17	      94	8.021800e-02
 17	      95	6.626708e-02
 18	       0	5.239610e-02
 18	       1	5.147966e-02
 18	       2	5.072900e-02
 18	       3	5.055210e-02
 18	       4	5.058946e-02
 18	       5	5.004805e-02
 18	       6	5.194066e-02
 18	       7	5.356034e-02
 18	       8	5.069344e-02
 18	       9	5.442335e-02
 18	      10	5.373432e-02
 18	      11	5.277531e-02
 18	      12	5.339588e-02
 18	      13	5.112327e-02
 18	      14	5.305703e-02
 18	      15	5.145580e-02
 18	      16	5.416029e-02
 18	      17	5.421527e-02
 18	      18	5.164245e-02
 18	      19	5.175662e-02
 18	      20	5.063256e-02
 18	      21	5.004776e-02
 18	      22	5.438433e-02
 18	      23	5.190754e-02
 18	      24	5.348757e-02
 18	      25	5.017052e-02
 18	      26	5.307360e-02
 18	      27	5.495467e-02
 18	      28	5.043512e-02
 18	      29	5.232439e-02
 18	      30	5.217842e-02
 18	      31	5.018558e-02
 18	      32	5.030069e-02
 18	      33	5.312897e-02
 18	      34	5.458998e-02
 18	      35	5.192922e-02
 18	      36	5.456096e-02
 18	      37	5.240450e-02
 18	      38	5.058394e-02
 18	      39	5.456967e-02
 18	      40	5.038900e-02
 18	      41	5.304043e-02
 18	      42	5.473711e-02
 18	      43	5.014840e-02
 18	      44	5.440498e-02
 18	      45	5.351301e-02
 18	      46	5.381158e-02
 18	      47	5.268683e-02
 18	      48	5.365946e-02
 18	      49	5.074526e-02
 18	      50	5.136324e-02
 18	      51	5.048173e-02
 18	      52	5.351699e-02
 18	      53	5.727419e-02
 18	      54	6.728676e-02
 18	      55	7.689248e-02
 18	      56	7.897472e-02
 18	      57	8.955637e-02
 18	      58	9.167059e-02
 18	      59	1.007233e-01
 18	      60	1.114774e-01
 18	      61	1.169125e-01
 18	      62	1.203609e-01
 18	      63	1.331490e-01
 18	      64	1.311934e-01
 18	      65	1.399138e-01
 18	      66	1.483216e-01
 18	      67	1.569886e-01
 18	      68	1.641165e-01
 18	      69	1.774396e-01
 18	      70	1.797872e-01
 18	      71	1.821449e-01
 18	      72	1.801843e-01
 18	      73	1.758810e-01
 18	      74	1.853171e-01
 18	      75	1.798631e-01
 18	      76	1.836822e-01
 18	      77	1.770761e-01
 18	      78	1.820258e-01
 18	      79	1.791708e-01
 18	      80	1.765027e-01
 18	      81	1.820870e-01
 18	      82	1.710596e-01
 18	      83	1.732103e-01
 18	      84	1.733726e-01
 18	      85	1.712794e-01
 18	      86	1.777650e-01
 18	      87	1.604376e-01
 18	      88	1.487504e-01
 18	      89	1.447616e-01
 18	      90	1.316872e-01
 18	      91	1.196917e-01
 18	      92	1.013902e-01
 18	      93	9.272196e-02
 18	      94	8.005867e-02
 18	      95	6.744904e-02
 19	       0	5.252336e-02
 19	       1	5.211334e-02
 19	       2	5.404256e-02
 19	       3	5.360352e-02
 19	       4	5.100802e-02
 19	       5	5.159195e-02
 19	       6	5.116162e-02
 19	       7	5.155062e-02
 19	       8	5.459105e-02
 19	       9	5.432817e-02
 19	      10	5.447656e-02
 19	      11	5.388155e-02
 19	      12	5.239455e-02
 19	      13	5.120614e-02
 19	      14	5.389297e-02
 19	      15	5.255243e-02
 19	      16	5.329769e-02
 19	      17	5.466093e-02
 19	      18	5.014266e-02
 19	      19	5.365964e-02
 19	      20	5.419570e-02
 19	      21	5.231682e-02
 19	      22	5.224002e-02
 19	      23	5.374528e-02
 19	      24	5.247910e-02
 19	      25	5.340720e-02
 19	      26	5.050544e-02
 19	      27	5.444612e-02
 19	      28	5.258815e-02
 19	      29	5.417138e-02
 19	      30	5.315071e-02
 19	      31	5.360970e-02
 19	      32	5.479769e-02
 19	      33	5.153777e-02
 19	      34	5.386731e-02
 19	      35	5.124490e-02
 19	      36	5.056316e-02
 19	      37	5.344176e-02
 19	      38	5.201380e-02
 19	      39	5.000919e-02
 19	      40	5.173890e-02
 19	      41	5.124392e-02
 19	      42	5.414483e-02
 19	      43	5.316901e-02
 19	      44	5.025021e-02
 19	      45	5.378721e-02
 19	      46	5.148450e-02
 19	      47	5.339705e-02
 19	      48	5.195206e-02
 19	      49	5.226370e-02
 19	      50	5.320789e-02
 19	      51	5.419985e-02
 19	      52	5.457613e-02
 19	      53	5.877461e-02
 19	      54	6.666637e-02
 19	      55	7.500257e-02
 19	      56	8.063612e-02
 19	      57	8.593160e-02
 19	      58	9.173567e-02
 19	      59	1.018750e-01
 19	      60	1.066443e-01
 19	      61	1.115307e-01
 19	      62	1.168770e-01
 19	      63	1.297800e-01
 19	      64	1.422898e-01
 19	      65	1.469697e-01
 19	      66	1.501358e-01
 19	      67	1.601429e-01
 19	      68	1.722484e-01
 19	      69	1.670395e-01
 19	      70	1.791295e-01
 19	      71	1.777391e-01
 19	      72	1.754548e-01
 19	      73	1.736752e-01
 19	      74	1.868724e-01
 19	      75	1.780139e-01
 19	      76	1.821148e-01
 19	      77	1.783508e-01
 19	      78	1.700291e-01
 19	      79	1.812413e-01
 19	      80	1.800884e-01
 19	      81	1.805735e-01
 19	      82	1.760163e-01
 19	      83	1.732816e-01
 19	      84	1.811588e-01
 19	      85	1.717749e-01
 19	      86	1.845089e-01
 19	      87	1.635186e-01
 19	      88	1.464485e-01
 19	      89	1.357662e-01
 19	      90	1.222566e-01
 19	      91	1.159253e-01
 19	      92	1.016548e-01
 19	      93	8.602649e-02
 19	      94	7.936514e-02
 19	      95	6.624425e-02
