  0	       0	0.000000e+00
  0	       1	0.000000e+00
  0	       2	0.000000e+00
  0	       3	0.000000e+00
  0	       4	0.000000e+00
  0	       5	0.000000e+00
  0	       6	0.000000e+00
  0	       7	0.000000e+00
  0	       8	0.000000e+00
  0	       9	0.000000e+00
  0	      10	0.000000e+00
  0	      11	0.000000e+00
  0	      12	0.000000e+00
  0	      13	0.000000e+00
  0	      14	0.000000e+00
  0	      15	0.000000e+00
  0	      16	0.000000e+00
  0	      17	0.000000e+00
  0	      18	0.000000e+00
  0	      19	0.000000e+00
  0	      20	0.000000e+00
  0	      21	0.000000e+00
  0	      22	0.000000e+00
  0	      23	0.000000e+00
  0	      24	0.000000e+00
  0	      25	0.000000e+00
  0	      26	0.000000e+00
  0	      27	0.000000e+00
  0	      28	0.000000e+00
  0	      29	0.000000e+00
  0	      30	0.000000e+00
  0	      31	2.287864e-02
  0	      32	4.670049e-02
  0	      33	6.917076e-02
  0	      34	9.188822e-02
  0	      35	1.168674e-01
  0	      36	1.405107e-01
  0	      37	1.556649e-01
  0	      38	1.868530e-01
  0	      39	2.078784e-01
  0	      40	2.212340e-01
  0	      41	2.402926e-01
  0	      42	2.827428e-01
  0	      43	2.830647e-01
  0	      44	3.212410e-01
  0	      45	3.150456e-01
  0	      46	3.280890e-01
  0	      47	3.214897e-01
  0	      48	3.031557e-01
  0	      49	3.062761e-01
  0	      50	3.167819e-01
  0	      51	3.211630e-01
  0	      52	3.023470e-01
  0	      53	2.910608e-01
  0	      54	2.588266e-01
  0	      55	2.370972e-01
  0	      56	2.209556e-01
  0	      57	1.928900e-01
  0	      58	1.621825e-01
  0	      59	1.449312e-01
  0	      60	1.162818e-01
  0	      61	9.265939e-02
  0	      62	7.033877e-02
  0	      63	4.798999e-02
  0	      64	2.466669e-02
  0	      65	0.000000e+00
  0	      66	0.000000e+00
  0	      67	0.000000e+00
  0	      68	0.000000e+00
  0	      69	0.000000e+00
  0	      70	0.000000e+00
  0	      71	0.000000e+00
  0	      72	0.000000e+00
  0	      73	0.000000e+00
  0	      74	0.000000e+00
  0	      75	0.000000e+00
  0	      76	0.000000e+00
  0	      77	0.000000e+00
  0	      78	0.000000e+00
  0	      79	0.000000e+00
  0	      80	0.000000e+00
  0	      81	0.000000e+00
  0	      82	0.000000e+00
  0	      83	0.000000e+00
  0	      84	0.000000e+00
  0	      85	0.000000e+00
  0	      86	0.000000e+00
  0	      87	0.000000e+00
  0	      88	0.000000e+00
  0	      89	0.000000e+00
  0	      90	0.000000e+00
  0	      91	0.000000e+00
  0	      92	0.000000e+00
  0	      93	0.000000e+00
  0	      94	0.000000e+00
  0	      95	0.000000e+00
  1	       0	0.000000e+00
  1	       1	0.000000e+00
  1	       2	0.000000e+00
  1	       3	0.000000e+00
  1	       4	0.000000e+00
  1	       5	0.000000e+00
  1	       6	0.000000e+00
  1	       7	0.000000e+00
  1	       8	0.000000e+00
  1	       9	0.000000e+00
  1	      10	0.000000e+00
  1	      11	0.000000e+00
  1	      12	0.000000e+00
  1	      13	0.000000e+00
  1	      14	0.000000e+00
  1	      15	0.000000e+00
  1	      16	0.000000e+00
  1	      17	0.000000e+00
  1	      18	0.000000e+00
  1	      19	0.000000e+00
  1	      20	0.000000e+00
  1	      21	0.000000e+00
  1	      22	0.000000e+00
  1	      23	0.000000e+00
  1	      24	0.000000e+00
  1	      25	0.000000e+00
  1	      26	0.000000e+00
  1	      27	0.000000e+00
  1	      28	0.000000e+00
  1	      29	0.000000e+00
  1	      30	0.000000e+00
  1	      31	2.193672e-02
  1	      32	4.616505e-02
  1	      33	6.723492e-02
  1	      34	9.198191e-02
  1	      35	1.092552e-01
  1	      36	1.346620e-01
  1	      37	1.638569e-01
  1	      38	1.861520e-01
  1	      39	2.110975e-01
  1	      40	2.228504e-01
  1	      41	2.438538e-01
  1	      42	2.623122e-01
  1	      43	2.875416e-01
  1	      44	3.100851e-01
  1	      45	3.171206e-01
  1	      46	3.131100e-01
  1	      47	3.262317e-01
  1	      48	3.193181e-01
  1	      49	3.155382e-01
  1	      50	3.268462e-01
  1	      51	3.251761e-01
  1	      52	3.191309e-01
  1	      53	2.901137e-01
  1	      54	2.645835e-01
  1	      55	2.309778e-01
  1	      56	2.203241e-01
  1	      57	2.017393e-01
  1	      58	1.671714e-01
  1	      59	1.419621e-01
  1	      60	1.201301e-01
  1	      61	9.458249e-02
  1	      62	7.600415e-02
  1	      63	4.832407e-02
  1	      64	2.465156e-02
  1	      65	0.000000e+00
  1	      66	0.000000e+00
  1	      67	0.000000e+00
  1	      68	0.000000e+00
  1	      69	0.000000e+00
  1	      70	0.000000e+00
  1	      71	0.000000e+00
  1	      72	0.000000e+00
  1	      73	0.000000e+00
  1	      74	0.000000e+00
  1	      75	0.000000e+00
  1	      76	0.000000e+00
  1	      77	0.000000e+00
  1	      78	0.000000e+00
  1	      79	0.000000e+00
  1	      80	0.000000e+00
  1	      81	0.000000e+00
  1	      82	0.000000e+00
  1	      83	0.000000e+00
  1	      84	0.000000e+00
  1	      85	0.000000e+00
  1	      86	0.000000e+00
  1	      87	0.000000e+00
  1	      88	0.000000e+00
  1	      89	0.000000e+00
  1	      90	0.000000e+00
  1	      91	0.000000e+00
  1	      92	0.000000e+00
  1	      93	0.000000e+00
  1	      94	0.000000e+00
  1	      95	0.000000e+00
  2	       0	0.000000e+00
  2	       1	0.000000e+00
  2	       2	0.000000e+00
  2	       3	0.000000e+00
  2	       4	0.000000e+00
  2	       5	0.000000e+00
  2	       6	0.000000e+00
  2	       7	0.000000e+00
  2	       8	0.000000e+00
  2	       9	0.000000e+00
  2	      10	0.000000e+00
  2	      11	0.000000e+00
  2	      12	0.000000e+00
  2	      13	0.000000e+00
  2	      14	0.000000e+00
  2	      15	0.000000e+00
  2	      16	0.000000e+00
  2	      17	0.000000e+00
  2	      18	0.000000e+00
  2	      19	0.000000e+00
  2	      20	0.000000e+00
  2	      21	0.000000e+00
  2	      22	0.000000e+00
  2	      23	0.000000e+00
  2	      24	0.000000e+00
  2	      25	0.000000e+00
  2	      26	0.000000e+00
  2	      27	0.000000e+00
  2	      28	0.000000e+00
  2	      29	0.000000e+00
  2	      30	0.000000e+00
  2	      31	2.293582e-02
  2	      32	4.502349e-02
  2	      33	6.657391e-02
  2	      34	9.113509e-02
  2	      35	1.096575e-01
  2	      36	1.406780e-01
  2	      37	1.511621e-01
  2	      38	1.857680e-01
  2	      39	1.969874e-01
  2	      40	2.222540e-01
  2	      41	2.361285e-01
  2	      42	2.739303e-01
  2	      43	2.845320e-01
  2	      44	3.125181e-01
  2	      45	3.110379e-01
  2	      46	3.082549e-01
  2	      47	3.209509e-01
  2	      48	3.102888e-01
  2	      49	3.086156e-01
  2	      50	3.012473e-01
  2	      51	3.240698e-01
  2	      52	3.253093e-01
  2	      53	2.991914e-01
  2	      54	2.571971e-01
  2	      55	2.507799e-01
  2	      56	2.175941e-01
  2	      57	1.853287e-01
  2	      58	1.710835e-01
  2	      59	1.425259e-01
  2	      60	1.216664e-01
  2	      61	9.260715e-02
  2	      62	7.125443e-02
  2	      63	4.620433e-02
  2	      64	2.414029e-02
  2	      65	0.000000e+00
  2	      66	0.000000e+00
  2	      67	0.000000e+00
  2	      68	0.000000e+00
  2	      69	0.000000e+00
  2	      70	0.000000e+00
  2	      71	0.000000e+00
  2	      72	0.000000e+00
  2	      73	0.000000e+00
  2	      74	0.000000e+00
  2	      75	0.000000e+00
  2	      76	0.000000e+00
  2	      77	0.000000e+00
  2	      78	0.000000e+00
  2	      79	0.000000e+00
  2	      80	0.000000e+00
  2	      81	0.000000e+00
  2	      82	0.000000e+00
  2	      83	0.000000e+00
  2	      84	0.000000e+00
  2	      85	0.000000e+00
  2	      86	0.000000e+00
  2	      87	0.000000e+00
  2	      88	0.000000e+00
  2	      89	0.000000e+00
  2	      90	0.000000e+00
  2	      91	0.000000e+00
  2	      92	0.000000e+00
  2	      93	0.000000e+00
  2	      94	0.000000e+00
  2	      95	0.000000e+00
  3	       0	0.000000e+00
  3	       1	0.000000e+00
  3	       2	0.000000e+00
  3	       3	0.000000e+00
  3	       4	0.000000e+00
  3	       5	0.000000e+00
  3	       6	0.000000e+00
  3	       7	0.000000e+00
  3	       8	0.000000e+00
  3	       9	0.000000e+00
  3	      10	0.000000e+00
  3	      11	0.000000e+00
  3	      12	0.000000e+00
  3	      13	0.000000e+00
  3	      14	0.000000e+00
  3	      15	0.000000e+00
  3	      16	0.000000e+00
  3	      17	0.000000e+00
  3	      18	0.000000e+00
  3	      19	0.000000e+00
  3	      20	0.000000e+00
  3	      21	0.000000e+00
  3	      22	0.000000e+00
  3	      23	0.000000e+00
  3	      24	0.000000e+00
  3	      25	0.000000e+00
  3	      26	0.000000e+00
  3	      27	0.000000e+00
  3	      28	0.000000e+00
  3	      29	0.000000e+00
  3	      30	0.000000e+00
  3	      31	2.151441e-02
  3	      32	4.349083e-02
  3	      33	6.670533e-02
  3	      34	9.128079e-02
  3	      35	1.159912e-01
  3	      36	1.395187e-01
  3	      37	1.518889e-01
  3	      38	1.884784e-01
  3	      39	2.055555e-01
  3	      40	2.237038e-01
  3	      41	2.516009e-01
  3	      42	2.811219e-01
  3	      43	2.967381e-01
  3	      44	3.212165e-01
  3	      45	3.222511e-01
  3	      46	3.082059e-01
  3	      47	3.059273e-01
  3	      48	3.105913e-01
  3	      49	3.113287e-01
  3	      50	3.224295e-01
  3	      51	3.265831e-01
  3	      52	3.240606e-01
  3	      53	2.797921e-01
  3	      54	2.720824e-01
  3	      55	2.537333e-01
  3	      56	2.115669e-01
  3	      57	1.976125e-01
  3	      58	1.743632e-01
  3	      59	1.444797e-01
  3	      60	1.164970e-01
  3	      61	9.656827e-02
  3	      62	7.153058e-02
  3	      63	4.873278e-02
  3	      64	2.404101e-02
  3	      65	0.000000e+00
  3	      66	0.000000e+00
  3	      67	0.000000e+00
  3	      68	0.000000e+00
  3	      69	0.000000e+00
  3	      70	0.000000e+00
  3	      71	0.000000e+00
  3	      72	0.000000e+00
  3	      73	0.000000e+00
  3	      74	0.000000e+00
  3	      75	0.000000e+00
  3	      76	0.000000e+00
  3	      77	0.000000e+00
  3	      78	0.000000e+00
  3	      79	0.000000e+00
  3	      80	0.000000e+00
  3	      81	0.000000e+00
  3	      82	0.000000e+00
  3	      83	0.000000e+00
  3	      84	0.000000e+00
  3	      85	0.000000e+00
  3	      86	0.000000e+00
  3	      87	0.000000e+00
  3	      88	0.000000e+00
  3	      89	0.000000e+00
  3	      90	0.000000e+00
  3	      91	0.000000e+00
  3	      92	0.000000e+00
  3	      93	0.000000e+00
  3	      94	0.000000e+00
  3	      95	0.000000e+00
  4	       0	0.000000e+00
  4	       1	0.000000e+00
  4	       2	0.000000e+00
  4	       3	0.000000e+00
  4	       4	0.000000e+00
  4	       5	0.000000e+00
  4	       6	0.000000e+00
  4	       7	0.000000e+00
  4	       8	0.000000e+00
  4	       9	0.000000e+00
  4	      10	0.000000e+00
  4	      11	0.000000e+00
  4	      12	0.000000e+00
  4	      13	0.000000e+00
  4	      14	0.000000e+00
  4	      15	0.000000e+00
  4	      16	0.000000e+00
  4	      17	0.000000e+00
  4	      18	0.000000e+00
  4	      19	0.000000e+00
  4	      20	0.000000e+00
  4	      21	0.000000e+00
  4	      22	0.000000e+00
  4	      23	0.000000e+00
  4	      24	0.000000e+00
  4	      25	0.000000e+00
  4	      26	0.000000e+00
  4	      27	0.000000e+00
  4	      28	0.000000e+00
  4	      29	0.000000e+00
  4	      30	0.000000e+00
  4	      31	2.178534e-02
  4	      32	4.576269e-02
  4	      33	6.573054e-02
  4	      34	9.329429e-02
  4	      35	1.124269e-01
  4	      36	1.319842e-01
  4	      37	1.585945e-01
  4	      38	1.788573e-01
  4	      39	2.024886e-01
  4	      40	2.353957e-01
  4	      41	2.429693e-01
  4	      42	2.786220e-01
  4	      43	3.020505e-01
  4	      44	3.008628e-01
  4	      45	3.220808e-01
  4	      46	3.075547e-01
  4	      47	3.185319e-01
  4	      48	3.190820e-01
  4	      49	3.045144e-01
  4	      50	3.289532e-01
  4	      51	3.063584e-01
  4	      52	3.227440e-01
  4	      53	2.791500e-01
  4	      54	2.593658e-01
  4	      55	2.483096e-01
  4	      56	2.077314e-01
  4	      57	1.936108e-01
  4	      58	1.655550e-01
  4	      59	1.464696e-01
  4	      60	1.210077e-01
  4	      61	9.633573e-02
  4	      62	7.292260e-02
  4	      63	4.618404e-02
  4	      64	2.337518e-02
  4	      65	0.000000e+00
  4	      66	0.000000e+00
  4	      67	0.000000e+00
  4	      68	0.000000e+00
  4	      69	0.000000e+00
  4	      70	0.000000e+00
  4	      71	0.000000e+00
  4	      72	0.000000e+00
  4	      73	0.000000e+00
  4	      74	0.000000e+00
  4	      75	0.000000e+00
  4	      76	0.000000e+00
  4	      77	0.000000e+00
  4	      78	0.000000e+00
  4	      79	0.000000e+00
  4	      80	0.000000e+00
  4	      81	0.000000e+00
  4	      82	0.000000e+00
  4	      83	0.000000e+00
  4	      84	0.000000e+00
  4	      85	0.000000e+00
  4	      86	0.000000e+00
  4	      87	0.000000e+00
  4	      88	0.000000e+00
  4	      89	0.000000e+00
  4	      90	0.000000e+00
  4	      91	0.000000e+00
  4	      92	0.000000e+00
  4	      93	0.000000e+00
  4	      94	0.000000e+00
  4	      95	0.000000e+00
  5	       0	0.000000e+00
  5	       1	0.000000e+00
  5	       2	0.000000e+00
  5	       3	0.000000e+00
  5	       4	0.000000e+00
  5	       5	0.000000e+00
  5	       6	0.000000e+00
  5	       7	0.000000e+00
  5	       8	0.000000e+00
  5	       9	0.000000e+00
  5	      10	0.000000e+00
  5	      11	0.000000e+00
  5	      12	0.000000e+00
  5	      13	0.000000e+00
  5	      14	0.000000e+00
  5	      15	0.000000e+00
  5	      16	0.000000e+00
  5	      17	0.000000e+00
  5	      18	0.000000e+00
  5	      19	0.000000e+00
  5	      20	0.000000e+00
  5	      21	0.000000e+00
  5	      22	0.000000e+00
  5	      23	0.000000e+00
  5	      24	0.000000e+00
  5	      25	0.000000e+00
  5	      26	0.000000e+00
  5	      27	0.000000e+00
  5	      28	0.000000e+00
  5	      29	0.000000e+00
  5	      30	0.000000e+00
  5	      31	2.152015e-02
  5	      32	4.337371e-02
  5	      33	7.070358e-02
  5	      34	9.258916e-02
  5	      35	1.127819e-01
  5	      36	1.392363e-01
  5	      37	1.522668e-01
  5	      38	1.742603e-01
  5	      39	2.083667e-01
  5	      40	2.297208e-01
  5	      41	2.503454e-01
  5	      42	2.634977e-01
  5	      43	3.028932e-01
  5	      44	3.208849e-01
  5	      45	3.020818e-01
  5	      46	3.111122e-01
  5	      47	3.104055e-01
  5	      48	3.265447e-01
  5	      49	3.235905e-01
  5	      50	3.046510e-01
  5	      51	3.212781e-01
  5	      52	3.133250e-01
  5	      53	2.920508e-01
  5	      54	2.721134e-01
  5	      55	2.482639e-01
  5	      56	2.096938e-01
  5	      57	1.999538e-01
  5	      58	1.683724e-01
  5	      59	1.413031e-01
  5	      60	1.238783e-01
  5	      61	9.630930e-02
  5	      62	7.483054e-02
  5	      63	4.804133e-02
  5	      64	2.513859e-02
  5	      65	0.000000e+00
  5	      66	0.000000e+00
  5	      67	0.000000e+00
  5	      68	0.000000e+00
  5	      69	0.000000e+00
  5	      70	0.000000e+00
  5	      71	0.000000e+00
  5	      72	0.000000e+00
  5	      73	0.000000e+00
  5	      74	0.000000e+00
  5	      75	0.000000e+00
  5	      76	0.000000e+00
  5	      77	0.000000e+00
  5	      78	0.000000e+00
  5	      79	0.000000e+00
  5	      80	0.000000e+00
  5	      81	0.000000e+00
  5	      82	0.000000e+00
  5	      83	0.000000e+00
  5	      84	0.000000e+00
  5	      85	0.000000e+00
  5	      86	0.000000e+00
  5	      87	0.000000e+00
  5	      88	0.000000e+00
  5	      89	0.000000e+00
  5	      90	0.000000e+00
  5	      91	0.000000e+00
  5	      92	0.000000e+00
  5	      93	0.000000e+00
  5	      94	0.000000e+00
  5	      95	0.000000e+00
  6	       0	0.000000e+00
  6	       1	0.000000e+00
  6	       2	0.000000e+00
  6	       3	0.000000e+00
  6	       4	0.000000e+00
  6	       5	0.000000e+00
  6	       6	0.000000e+00
  6	       7	0.000000e+00
  6	       8	0.000000e+00
  6	       9	0.000000e+00
  6	      10	0.000000e+00
  6	      11	0.000000e+00
  6	      12	0.000000e+00
  6	      13	0.000000e+00
  6	      14	0.000000e+00
  6	      15	0.000000e+00
  6	      16	0.000000e+00
  6	      17	0.000000e+00
  6	      18	0.000000e+00
  6	      19	0.000000e+00
  6	      20	0.000000e+00
  6	      21	0.000000e+00
  6	      22	0.000000e+00
  6	      23	0.000000e+00
  6	      24	0.000000e+00
  6	      25	0.000000e+00
  6	      26	0.000000e+00
  6	      27	0.000000e+00
  6	      28	0.000000e+00
  6	      29	0.000000e+00
  6	      30	0.000000e+00
  6	      31	2.218810e-02
  6	      32	4.382333e-02
  6	      33	6.646812e-02
  6	      34	8.802467e-02
  6	      35	1.119532e-01
  6	      36	1.334205e-01
  6	      37	1.505886e-01
  6	      38	1.841660e-01
  6	      39	1.991016e-01
  6	      40	2.276654e-01
  6	      41	2.515914e-01
  6	      42	2.624754e-01
  6	      43	2.918766e-01
  6	      44	3.030610e-01
  6	      45	3.215004e-01
  6	      46	3.141612e-01
  6	      47	3.099966e-01
  6	      48	3.153650e-01
  6	      49	3.230104e-01
  6	      50	3.053453e-01
  6	      51	3.288930e-01
  6	      52	3.264559e-01
  6	      53	3.028527e-01
  6	      54	2.694273e-01
  6	      55	2.345279e-01
  6	      56	2.110555e-01
  6	      57	1.864301e-01
  6	      58	1.681348e-01
  6	      59	1.471201e-01
  6	      60	1.241057e-01
  6	      61	1.008836e-01
  6	      62	7.077330e-02
  6	      63	4.853031e-02
  6	      64	2.448245e-02
  6	      65	0.000000e+00
  6	      66	0.000000e+00
  6	      67	0.000000e+00
  6	      68	0.000000e+00
  6	      69	0.000000e+00
  6	      70	0.000000e+00
  6	      71	0.000000e+00
  6	      72	0.000000e+00
  6	      73	0.000000e+00
  6	      74	0.000000e+00
  6	      75	0.000000e+00
  6	      76	0.000000e+00
  6	      77	0.000000e+00
  6	      78	0.000000e+00
  6	      79	0.000000e+00
  6	      80	0.000000e+00
  6	      81	0.000000e+00
  6	      82	0.000000e+00
  6	      83	0.000000e+00
  6	      84	0.000000e+00
  6	      85	0.000000e+00
  6	      86	0.000000e+00
  6	      87	0.000000e+00
  6	      88	0.000000e+00
  6	      89	0.000000e+00
  6	      90	0.000000e+00
  6	      91	0.000000e+00
  6	      92	0.000000e+00
  6	      93	0.000000e+00
  6	      94	0.000000e+00
  6	      95	0.000000e+00
  7	       0	0.000000e+00
  7	       1	0.000000e+00
  7	       2	0.000000e+00
  7	       3	0.000000e+00
  7	       4	0.000000e+00
  7	       5	0.000000e+00
  7	       6	0.000000e+00
  7	       7	0.000000e+00
  7	       8	0.000000e+00
  7	       9	0.000000e+00
  7	      10	0.000000e+00
  7	      11	0.000000e+00
  7	      12	0.000000e+00
  7	      13	0.000000e+00
  7	      14	0.000000e+00
  7	      15	0.000000e+00
  7	      16	0.000000e+00
  7	      17	0.000000e+00
  7	      18	0.000000e+00
  7	      19	0.000000e+00
  7	      20	0.000000e+00
  7	      21	0.000000e+00
  7	      22	0.000000e+00
  7	      23	0.000000e+00
  7	      24	0.000000e+00
  7	      25	0.000000e+00
  7	      26	0.000000e+00
  7	      27	0.000000e+00
  7	      28	0.000000e+00
  7	      29	0.000000e+00
  7	      30	0.000000e+00
  7	      31	2.280540e-02
  7	      32	4.659448e-02
  7	      33	6.783125e-02
  7	      34	9.284645e-02
  7	      35	1.165597e-01
  7	      36	1.349509e-01
  7	      37	1.560633e-01
  7	      38	1.752640e-01
  7	      39	1.967501e-01
  7	      40	2.188216e-01
  7	      41	2.580919e-01
  7	      42	2.695960e-01
  7	      43	2.837775e-01
  7	      44	3.121197e-01
  7	      45	3.006128e-01
  7	      46	3.246763e-01
  7	      47	3.289613e-01
  7	      48	3.047457e-01
  7	      49	3.253547e-01
  7	      50	3.171764e-01
  7	      51	3.017995e-01
  7	      52	3.019670e-01
  7	      53	2.959107e-01
  7	      54	2.729127e-01
  7	      55	2.465756e-01
  7	      56	2.220730e-01
  7	      57	1.940234e-01
  7	      58	1.707469e-01
  7	      59	1.479128e-01
  7	      60	1.183407e-01
  7	      61	9.400842e-02
  7	      62	7.156895e-02
  7	      63	4.998792e-02
  7	      64	2.444593e-02
  7	      65	0.000000e+00
  7	      66	0.000000e+00
  7	      67	0.000000e+00
  7	      68	0.000000e+00
  7	      69	0.000000e+00
  7	      70	0.000000e+00
  7	      71	0.000000e+00
  7	      72	0.000000e+00
  7	      73	0.000000e+00
  7	      74	0.000000e+00
  7	      75	0.000000e+00
  7	      76	0.000000e+00
  7	      77	0.000000e+00
  7	      78	0.000000e+00
  7	      79	0.000000e+00
  7	      80	0.000000e+00
  7	      81	0.000000e+00
  7	      82	0.000000e+00
  7	      83	0.000000e+00
  7	      84	0.000000e+00
  7	      85	0.000000e+00
  7	      86	0.000000e+00
  7	      87	0.000000e+00
  7	      88	0.000000e+00
  7	      89	0.000000e+00
  7	      90	0.000000e+00
  7	      91	0.000000e+00
  7	      92	0.000000e+00
  7	      93	0.000000e+00
  7	      94	0.000000e+00
  7	      95	0.000000e+00
  8	       0	0.000000e+00
  8	       1	0.000000e+00
  8	       2	0.000000e+00
  8	       3	0.000000e+00
  8	       4	0.000000e+00
  8	       5	0.000000e+00
  8	       6	0.000000e+00
  8	       7	0.000000e+00
  8	       8	0.000000e+00
  8	       9	0.000000e+00
  8	      10	0.000000e+00
  8	      11	0.000000e+00
  8	      12	0.000000e+00
  8	      13	0.000000e+00
  8	      14	0.000000e+00
  8	      15	0.000000e+00
  8	      16	0.000000e+00
  8	      17	0.000000e+00
  8	      18	0.000000e+00
  8	      19	0.000000e+00
  8	      20	0.000000e+00
  8	      21	0.000000e+00
  8	      22	0.000000e+00
  8	      23	0.000000e+00
  8	      24	0.000000e+00
  8	      25	0.000000e+00
  8	      26	0.000000e+00
  8	      27	0.000000e+00
  8	      28	0.000000e+00
  8	      29	0.000000e+00
  8	      30	0.000000e+00
  8	      31	2.315841e-02
  8	      32	4.547991e-02
  8	      33	6.432002e-02
  8	      34	8.594197e-02
  8	      35	1.116287e-01
  8	      36	1.350703e-01
  8	      37	1.636696e-01
  8	      38	1.767392e-01
  8	      39	2.103738e-01
  8	      40	2.182368e-01
  8	      41	2.413752e-01
  8	      42	2.775156e-01
  8	      43	2.872842e-01
  8	      44	3.040457e-01
  8	      45	3.231213e-01
  8	      46	3.296202e-01
  8	      47	3.288878e-01
  8	      48	3.198170e-01
  8	      49	3.288639e-01
  8	      50	3.241187e-01
  8	      51	3.239955e-01
  8	      52	3.033807e-01
  8	      53	3.019682e-01
  8	      54	2.607837e-01
  8	      55	2.452547e-01
  8	      56	2.200079e-01
  8	      57	2.016911e-01
  8	      58	1.704657e-01
  8	      59	1.481387e-01
  8	      60	1.255227e-01
  8	      61	9.877730e-02
  8	      62	7.196650e-02
  8	      63	4.911220e-02
  8	      64	2.473587e-02
  8	      65	0.000000e+00
  8	      66	0.000000e+00
  8	      67	0.000000e+00
  8	      68	0.000000e+00
  8	      69	0.000000e+00
  8	      70	0.000000e+00
  8	      71	0.000000e+00
  8	      72	0.000000e+00
  8	      73	0.000000e+00
  8	      74	0.000000e+00
  8	      75	0.000000e+00
  8	      76	0.000000e+00
  8	      77	0.000000e+00
  8	      78	0.000000e+00
  8	      79	0.000000e+00
  8	      80	0.000000e+00
  8	      81	0.000000e+00
  8	      82	0.000000e+00
  8	      83	0.000000e+00
  8	      84	0.000000e+00
  8	      85	0.000000e+00
  8	      86	0.000000e+00
  8	      87	0.000000e+00
  8	      88	0.000000e+00
  8	      89	0.000000e+00
  8	      90	0.000000e+00
  8	      91	0.000000e+00
  8	      92	0.000000e+00
  8	      93	0.000000e+00
  8	      94	0.000000e+00
  8	      95	0.000000e+00
  9	       0	0.000000e+00
  9	       1	0.000000e+00
  9	       2	0.000000e+00
  9	       3	0.000000e+00
  9	       4	0.000000e+00
  9	       5	0.000000e+00
  9	       6	0.000000e+00
  9	       7	0.000000e+00
  9	       8	0.000000e+00
  9	       9	0.000000e+00
  9	      10	0.000000e+00
  9	      11	0.000000e+00
  9	      12	0.000000e+00
  9	      13	0.000000e+00
  9	      14	0.000000e+00
  9	      15	0.000000e+00
  9	      16	0.000000e+00
  9	      17	0.000000e+00
  9	      18	0.000000e+00
  9	      19	0.000000e+00
  9	      20	0.000000e+00
  9	      21	0.000000e+00
  9	      22	0.000000e+00
  9	      23	0.000000e+00
  9	      24	0.000000e+00
  9	      25	0.000000e+00
  9	      26	0.000000e+00
  9	      27	0.000000e+00
  9	      28	0.000000e+00
  9	      29	0.000000e+00
  9	      30	0.000000e+00
  9	      31	2.247075e-02
  9	      32	4.355157e-02
  9	      33	6.615448e-02
  9	      34	8.808484e-02
  9	      35	1.108218e-01
  9	      36	1.374809e-01
  9	      37	1.580552e-01
  9	      38	1.855696e-01
  9	      39	1.936454e-01
  9	      40	2.222539e-01
  9	      41	2.409426e-01
  9	      42	2.728587e-01
  9	      43	2.886692e-01
  9	      44	3.132338e-01
  9	      45	3.001585e-01
  9	      46	3.270035e-01
  9	      47	3.209451e-01
  9	      48	3.137828e-01
  9	      49	3.074835e-01
  9	      50	3.226172e-01
  9	      51	3.217170e-01
  9	      52	3.253313e-01
  9	      53	2.992912e-01
  9	      54	2.569833e-01
  9	      55	2.391223e-01
  9	      56	2.119598e-01
  9	      57	2.014209e-01
  9	      58	1.722112e-01
  9	      59	1.494608e-01
  9	      60	1.170242e-01
  9	      61	9.504990e-02
  9	      62	6.967400e-02
  9	      63	5.001373e-02
  9	      64	2.454267e-02
  9	      65	0.000000e+00
  9	      66	0.000000e+00
  9	      67	0.000000e+00
  9	      68	0.000000e+00
  9	      69	0.000000e+00
  9	      70	0.000000e+00
  9	      71	0.000000e+00
  9	      72	0.000000e+00
  9	      73	0.000000e+00
  9	      74	0.000000e+00
  9	      75	0.000000e+00
  9	      76	0.000000e+00
  9	      77	0.000000e+00
  9	      78	0.000000e+00
  9	      79	0.000000e+00
  9	      80	0.000000e+00
  9	      81	0.000000e+00
  9	      82	0.000000e+00
  9	      83	0.000000e+00
  9	      84	0.000000e+00
  9	      85	0.000000e+00
  9	      86	0.000000e+00
  9	      87	0.000000e+00
  9	      88	0.000000e+00
  9	      89	0.000000e+00
  9	      90	0.000000e+00
  9	      91	0.000000e+00
  9	      92	0.000000e+00
  9	      93	0.000000e+00
  9	      94	0.000000e+00
  9	      95	0.000000e+00
 10	       0	0.000000e+00
 10	       1	0.000000e+00
 10	       2	0.000000e+00
 10	       3	0.000000e+00
 10	       4	0.000000e+00
 10	       5	0.000000e+00
 10	       6	0.000000e+00
 10	       7	0.000000e+00
 10	       8	0.000000e+00
 10	       9	0.000000e+00
 10	      10	0.000000e+00
 10	      11	0.000000e+00
 10	      12	0.000000e+00
 10	      13	0.000000e+00
 10	      14	0.000000e+00
 10	      15	0.000000e+00
 10	      16	0.000000e+00
 10	      17	0.000000e+00
 10	      18	0.000000e+00
 10	      19	0.000000e+00
 10	      20	0.000000e+00
 10	      21	0.000000e+00
 10	      22	0.000000e+00
 10	      23	0.000000e+00
 10	      24	0.000000e+00
 10	      25	0.000000e+00
 10	      26	0.000000e+00
 10	      27	0.000000e+00
 10	      28	0.000000e+00
 10	      29	0.000000e+00
 10	      30	0.000000e+00
 10	      31	2.237939e-02
 10	      32	4.412743e-02
 10	      33	6.989193e-02
 10	      34	8.641761e-02
 10	      35	1.096727e-01
 10	      36	1.316898e-01
 10	      37	1.542854e-01
 10	      38	1.818129e-01
 10	      39	2.120461e-01
 10	      40	2.307033e-01
 10	      41	2.369898e-01
 10	      42	2.733320e-01
 10	      43	2.919396e-01
 10	      44	3.170389e-01
 10	      45	3.166314e-01
 10	      46	3.120379e-01
 10	      47	3.273771e-01
 10	      48	3.266445e-01
 10	      49	3.132209e-01
 10	      50	3.142384e-01
 10	      51	3.078959e-01
 10	      52	3.130247e-01
 10	      53	2.929974e-01
 10	      54	2.697635e-01
 10	      55	2.336896e-01
 10	      56	2.238483e-01
 10	      57	1.931016e-01
 10	      58	1.756374e-01
 10	      59	1.441719e-01
 10	      60	1.236866e-01
 10	      61	9.704255e-02
 10	      62	7.247365e-02
 10	      63	4.945193e-02
 10	      64	2.362458e-02
 10	      65	0.000000e+00
 10	      66	0.000000e+00
 10	      67	0.000000e+00
 10	      68	0.000000e+00
 10	      69	0.000000e+00
 10	      70	0.000000e+00
 10	      71	0.000000e+00
 10	      72	0.000000e+00
 10	      73	0.000000e+00
 10	      74	0.000000e+00
 10	      75	0.000000e+00
 10	      76	0.000000e+00
 10	      77	0.000000e+00
 10	      78	0.000000e+00
 10	      79	0.000000e+00
 10	      80	0.000000e+00
 10	      81	0.000000e+00
 10	      82	0.000000e+00
 10	      83	0.000000e+00
 10	      84	0.000000e+00
 10	      85	0.000000e+00
 10	      86	0.000000e+00
 10	      87	0.000000e+00
 10	      88	0.000000e+00
 10	      89	0.000000e+00
 10	      90	0.000000e+00
 10	      91	0.000000e+00
 10	      92	0.000000e+00
 10	      93	0.000000e+00
 10	      94	0.000000e+00
 10	      95	0.000000e+00
 11	       0	0.000000e+00
 11	       1	0.000000e+00
 11	       2	0.000000e+00
 11	       3	0.000000e+00
 11	       4	0.000000e+00
 11	       5	0.000000e+00
 11	       6	0.000000e+00
 11	       7	0.000000e+00
 11	       8	0.000000e+00
 11	       9	0.000000e+00
 11	      10	0.000000e+00
 11	      11	0.000000e+00
 11	      12	0.000000e+00
 11	      13	0.000000e+00
 11	      14	0.000000e+00
 11	      15	0.000000e+00
 11	      16	0.000000e+00
 11	      17	0.000000e+00
 11	      18	0.000000e+00
 11	      19	0.000000e+00
 11	      20	0.000000e+00
 11	      21	0.000000e+00
 11	      22	0.000000e+00
 11	      23	0.000000e+00
 11	      24	0.000000e+00
 11	      25	0.000000e+00
 11	      26	0.000000e+00
 11	      27	0.000000e+00
 11	      28	0.000000e+00
 11	      29	0.000000e+00
 11	      30	0.000000e+00
 11	      31	2.182291e-02
 11	      32	4.408905e-02
 11	      33	7.039237e-02
 11	      34	9.178696e-02
 11	      35	1.113000e-01
 11	      36	1.289489e-01
 11	      37	1.500660e-01
 11	      38	1.805990e-01
 11	      39	1.973343e-01
 11	      40	2.241108e-01
 11	      41	2.511568e-01
 11	      42	2.784170e-01
 11	      43	3.029520e-01
 11	      44	3.149075e-01
 11	      45	3.045572e-01
 11	      46	3.026887e-01
 11	      47	3.019190e-01
 11	      48	3.239653e-01
 11	      49	3.041588e-01
 11	      50	3.267316e-01
 11	      51	3.053912e-01
 11	      52	3.109968e-01
 11	      53	2.951192e-01
 11	      54	2.782554e-01
 11	      55	2.524785e-01
 11	      56	2.157704e-01
 11	      57	1.928919e-01
 11	      58	1.682568e-01
 11	      59	1.433871e-01
 11	      60	1.165861e-01
 11	      61	9.504216e-02
 11	      62	7.466360e-02
 11	      63	4.682459e-02
 11	      64	2.443378e-02
 11	      65	0.000000e+00
 11	      66	0.000000e+00
 11	      67	0.000000e+00
 11	      68	0.000000e+00
 11	      69	0.000000e+00
 11	      70	0.000000e+00
 11	      71	0.000000e+00
 11	      72	0.000000e+00
 11	      73	0.000000e+00
 11	      74	0.000000e+00
 11	      75	0.000000e+00
 11	      76	0.000000e+00
 11	      77	0.000000e+00
 11	      78	0.000000e+00
 11	      79	0.000000e+00
 11	      80	0.000000e+00
 11	      81	0.000000e+00
 11	      82	0.000000e+00
 11	      83	0.000000e+00
 11	      84	0.000000e+00
 11	      85	0.000000e+00
 11	      86	0.000000e+00
 11	      87	0.000000e+00
 11	      88	0.000000e+00
 11	      89	0.000000e+00
 11	      90	0.000000e+00
 11	      91	0.000000e+00
 11	      92	0.000000e+00
 11	      93	0.000000e+00
 11	      94	0.000000e+00
 11	      95	0.000000e+00
 12	       0	0.000000e+00
 12	       1	0.000000e+00
 12	       2	0.000000e+00
 12	       3	0.000000e+00
 12	       4	0.000000e+00
 12	       5	0.000000e+00
 12	       6	0.000000e+00
 12	       7	0.000000e+00
 12	       8	0.000000e+00
 12	       9	0.000000e+00
 12	      10	0.000000e+00
 12	      11	0.000000e+00
 12	      12	0.000000e+00
 12	      13	0.000000e+00
 12	      14	0.000000e+00
 12	      15	0.000000e+00
 12	      16	0.000000e+00
 12	      17	0.000000e+00
 12	      18	0.000000e+00
 12	      19	0.000000e+00
 12	      20	0.000000e+00
 12	      21	0.000000e+00
 12	      22	0.000000e+00
 12	      23	0.000000e+00
 12	      24	0.000000e+00
 12	      25	0.000000e+00
 12	      26	0.000000e+00
 12	      27	0.000000e+00
 12	      28	0.000000e+00
 12	      29	0.000000e+00
 12	      30	0.000000e+00
 12	      31	2.290352e-02
 12	      32	4.695016e-02
 12	      33	6.520539e-02
 12	      34	9.032636e-02
 12	      35	1.151340e-01
 12	      36	1.383599e-01
 12	      37	1.552605e-01
 12	      38	1.811668e-01
 12	      39	1.936864e-01
 12	      40	2.197584e-01
 12	      41	2.539397e-01
 12	      42	2.610206e-01
 12	      43	3.005636e-01
 12	      44	3.180526e-01
 12	      45	3.142748e-01
 12	      46	3.255712e-01
 12	      47	3.061802e-01
 12	      48	3.239978e-01
 12	      49	3.020487e-01
 12	      50	3.177467e-01
 12	      51	3.299033e-01
 12	      52	3.123148e-01
 12	      53	2.938318e-01
 12	      54	2.552866e-01
 12	      55	2.451171e-01
 12	      56	2.226045e-01
 12	      57	1.858155e-01
 12	      58	1.643771e-01
 12	      59	1.456416e-01
 12	      60	1.247088e-01
 12	      61	9.490765e-02
 12	      62	6.952618e-02
 12	      63	4.963201e-02
 12	      64	2.347619e-02
 12	      65	0.000000e+00
 12	      66	0.000000e+00
 12	      67	0.000000e+00
 12	      68	0.000000e+00
 12	      69	0.000000e+00
 12	      70	0.000000e+00
 12	      71	0.000000e+00
 12	      72	0.000000e+00
 12	      73	0.000000e+00
 12	      74	0.000000e+00
 12	      75	0.000000e+00
 12	      76	0.000000e+00
 12	      77	0.000000e+00
 12	      78	0.000000e+00
 12	      79	0.000000e+00
 12	      80	0.000000e+00
 12	      81	0.000000e+00
 12	      82	0.000000e+00
 12	      83	0.000000e+00
 12	      84	0.000000e+00
 12	      85	0.000000e+00
 12	      86	0.000000e+00
 12	      87	0.000000e+00
 12	      88	0.000000e+00
 12	      89	0.000000e+00
 12	      90	0.000000e+00
 12	      91	0.000000e+00
 12	      92	0.000000e+00
 12	      93	0.000000e+00
 12	      94	0.000000e+00
 12	      95	0.000000e+00
 13	       0	0.000000e+00
 13	       1	0.000000e+00
 13	       2	0.000000e+00
 13	       3	0.000000e+00
 13	       4	0.000000e+00
 13	       5	0.000000e+00
 13	       6	0.000000e+00
 13	       7	0.000000e+00
 13	       8	0.000000e+00
 13	       9	0.000000e+00
 13	      10	0.000000e+00
 13	      11	0.000000e+00
 13	      12	0.000000e+00
 13	      13	0.000000e+00
 13	      14	0.000000e+00
 13	      15	0.000000e+00
 13	      16	0.000000e+00
 13	      17	0.000000e+00
 13	      18	0.000000e+00
 13	      19	0.000000e+00
 13	      20	0.000000e+00
 13	      21	0.000000e+00
 13	      22	0.000000e+00
 13	      23	0.000000e+00
 13	      24	0.000000e+00
 13	      25	0.000000e+00
 13	      26	0.000000e+00
 13	      27	0.000000e+00
 13	      28	0.000000e+00
 13	      29	0.000000e+00
 13	      30	0.000000e+00
 13	      31	2.343021e-02
 13	      32	4.677651e-02
 13	      33	6.898953e-02
 13	      34	8.905763e-02
 13	      35	1.116912e-01
 13	      36	1.294358e-01
 13	      37	1.616507e-01
 13	      38	1.749958e-01
 13	      39	1.964962e-01
 13	      40	2.270085e-01
 13	      41	2.574025e-01
 13	      42	2.653646e-01
 13	      43	3.031481e-01
 13	      44	3.201475e-01
 13	      45	3.145985e-01
 13	      46	3.139788e-01
 13	      47	3.150201e-01
 13	      48	3.231135e-01
 13	      49	3.192559e-01
 13	      50	3.231597e-01
 13	      51	3.036721e-01
 13	      52	3.190153e-01
 13	      53	2.961762e-01
 13	      54	2.730099e-01
 13	      55	2.360492e-01
 13	      56	2.175072e-01
 13	      57	1.955147e-01
 13	      58	1.757289e-01
 13	      59	1.401444e-01
 13	      60	1.207496e-01
 13	      61	9.689265e-02
 13	      62	7.257792e-02
 13	      63	4.898452e-02
 13	      64	2.372590e-02
 13	      65	0.000000e+00
 13	      66	0.000000e+00
 13	      67	0.000000e+00
 13	      68	0.000000e+00
 13	      69	0.000000e+00
 13	      70	0.000000e+00
 13	      71	0.000000e+00
 13	      72	0.000000e+00
 13	      73	0.000000e+00
 13	      74	0.000000e+00
 13	      75	0.000000e+00
 13	      76	0.000000e+00
 13	      77	0.000000e+00
 13	      78	0.000000e+00
 13	      79	0.000000e+00
 13	      80	0.000000e+00
 13	      81	0.000000e+00
 13	      82	0.000000e+00
 13	      83	0.000000e+00
 13	      84	0.000000e+00
 13	      85	0.000000e+00
 13	      86	0.000000e+00
 13	      87	0.000000e+00
 13	      88	0.000000e+00
 13	      89	0.000000e+00
 13	      90	0.000000e+00
 13	      91	0.000000e+00
 13	      92	0.000000e+00
 13	      93	0.000000e+00
 13	      94	0.000000e+00
 13	      95	0.000000e+00
 14	       0	0.000000e+00
 14	       1	0.000000e+00
 14	       2	0.000000e+00
 14	       3	0.000000e+00
 14	       4	0.000000e+00
 14	       5	0.000000e+00
 14	       6	0.000000e+00
 14	       7	0.000000e+00
 14	       8	0.000000e+00
 14	       9	0.000000e+00
 14	      10	0.000000e+00
 14	      11	0.000000e+00
 14	      12	0.000000e+00
 14	      13	0.000000e+00
 14	      14	0.000000e+00
 14	      15	0.000000e+00
 14	      16	0.000000e+00
 14	      17	0.000000e+00
 14	      18	0.000000e+00
 14	      19	0.000000e+00
 14	      20	0.000000e+00
 14	      21	0.000000e+00
 14	      22	0.000000e+00
 14	      23	0.000000e+00
 14	      24	0.000000e+00
 14	      25	0.000000e+00
 14	      26	0.000000e+00
 14	      27	0.000000e+00
 14	      28	0.000000e+00
 14	      29	0.000000e+00
 14	      30	0.000000e+00
 14	      31	2.307827e-02
 14	      32	4.484927e-02
 14	      33	6.643844e-02
 14	      34	9.197723e-02
 14	      35	1.095034e-01
 14	      36	1.394588e-01
 14	      37	1.629824e-01
 14	      38	1.722792e-01
 14	      39	2.034638e-01
 14	      40	2.176290e-01
 14	      41	2.467813e-01
 14	      42	2.819897e-01
 14	      43	2.924629e-01
 14	      44	3.081815e-01
 14	      45	3.026502e-01
 14	      46	3.004148e-01
 14	      47	3.192220e-01
 14	      48	3.289750e-01
 14	      49	3.119888e-01
 14	      50	3.165811e-01
 14	      51	3.144542e-01
 14	      52	3.242603e-01
 14	      53	2.838823e-01
 14	      54	2.760502e-01
 14	      55	2.504905e-01
 14	      56	2.224285e-01
 14	      57	1.891865e-01
 14	      58	1.736618e-01
 14	      59	1.420734e-01
 14	      60	1.215266e-01
 14	      61	9.911861e-02
 14	      62	7.517016e-02
 14	      63	4.942929e-02
 14	      64	2.527270e-02
 14	      65	0.000000e+00
 14	      66	0.000000e+00
 14	      67	0.000000e+00
 14	      68	0.000000e+00
 14	      69	0.000000e+00
 14	      70	0.000000e+00
 14	      71	0.000000e+00
 14	      72	0.000000e+00
 14	      73	0.000000e+00
 14	      74	0.000000e+00
 14	      75	0.000000e+00
 14	      76	0.000000e+00
 14	      77	0.000000e+00
 14	      78	0.000000e+00
 14	      79	0.000000e+00
 14	      80	0.000000e+00
 14	      81	0.000000e+00
 14	      82	0.000000e+00
 14	      83	0.000000e+00
 14	      84	0.000000e+00
 14	      85	0.000000e+00
 14	      86	0.000000e+00
 14	      87	0.000000e+00
 14	      88	0.000000e+00
 14	      89	0.000000e+00
 14	      90	0.000000e+00
 14	      91	0.000000e+00
 14	      92	0.000000e+00
 14	      93	0.000000e+00
 14	      94	0.000000e+00
 14	      95	0.000000e+00
 15	       0	0.000000e+00
 15	       1	0.000000e+00
 15	       2	0.000000e+00
 15	       3	0.000000e+00
 15	       4	0.000000e+00
 15	       5	0.000000e+00
 15	       6	0.000000e+00
 15	       7	0.000000e+00
 15	       8	0.000000e+00
 15	       9	0.000000e+00
 15	      10	0.000000e+00
 15	      11	0.000000e+00
 15	      12	0.000000e+00
 15	      13	0.000000e+00
 15	      14	0.000000e+00
 15	      15	0.000000e+00
 15	      16	0.000000e+00
 15	      17	0.000000e+00
 15	      18	0.000000e+00
 15	      19	0.000000e+00
 15	      20	0.000000e+00
 15	      21	0.000000e+00
 15	      22	0.000000e+00
 15	      23	0.000000e+00
 15	      24	0.000000e+00
 15	      25	0.000000e+00
 15	      26	0.000000e+00
 15	      27	0.000000e+00
 15	      28	0.000000e+00
 15	      29	0.000000e+00
 15	      30	0.000000e+00
 15	      31	2.277818e-02
 15	      32	4.391854e-02
 15	      33	6.813690e-02
 15	      34	8.966373e-02
 15	      35	1.075804e-01
 15	      36	1.353595e-01
 15	      37	1.577383e-01
 15	      38	1.872808e-01
 15	      39	1.942876e-01
 15	      40	2.324251e-01
 15	      41	2.572420e-01
 15	      42	2.767155e-01
 15	      43	3.024188e-01
 15	      44	3.209597e-01
 15	      45	3.017822e-01
 15	      46	3.174052e-01
 15	      47	3.009883e-01
 15	      48	3.162035e-01
 15	      49	3.220662e-01
 15	      50	3.094338e-01
 15	      51	3.009546e-01
 15	      52	3.034924e-01
 15	      53	2.780532e-01
 15	      54	2.638830e-01
 15	      55	2.321218e-01
 15	      56	2.108493e-01
 15	      57	1.872100e-01
 15	      58	1.699534e-01
 15	      59	1.492149e-01
 15	      60	1.213959e-01
 15	      61	9.263249e-02
 15	      62	6.932923e-02
 15	      63	4.766828e-02
 15	      64	2.393702e-02
 15	      65	0.000000e+00
 15	      66	0.000000e+00
 15	      67	0.000000e+00
 15	      68	0.000000e+00
 15	      69	0.000000e+00
 15	      70	0.000000e+00
 15	      71	0.000000e+00
 15	      72	0.000000e+00
 15	      73	0.000000e+00
 15	      74	0.000000e+00
 15	      75	0.000000e+00
 15	      76	0.000000e+00
 15	      77	0.000000e+00
 15	      78	0.000000e+00
 15	      79	0.000000e+00
 15	      80	0.000000e+00
 15	      81	0.000000e+00
 15	      82	0.000000e+00
 15	      83	0.000000e+00
 15	      84	0.000000e+00
 15	      85	0.000000e+00
 15	      86	0.000000e+00
 15	      87	0.000000e+00
 15	      88	0.000000e+00
 15	      89	0.000000e+00
 15	      90	0.000000e+00
 15	      91	0.000000e+00
 15	      92	0.000000e+00
 15	      93	0.000000e+00
 15	      94	0.000000e+00
 15	      95	0.000000e+00
 16	       0	0.000000e+00
 16	       1	0.000000e+00
 16	       2	0.000000e+00
 16	       3	0.000000e+00
 16	       4	0.000000e+00
 16	       5	0.000000e+00
 16	       6	0.000000e+00
 16	       7	0.000000e+00
 16	       8	0.000000e+00
 16	       9	0.000000e+00
 16	      10	0.000000e+00
 16	      11	0.000000e+00
 16	      12	0.000000e+00
 16	      13	0.000000e+00
 16	      14	0.000000e+00
 16	      15	0.000000e+00
 16	      16	0.000000e+00
 16	      17	0.000000e+00
 16	      18	0.000000e+00
 16	      19	0.000000e+00
 16	      20	0.000000e+00
 16	      21	0.000000e+00
 16	      22	0.000000e+00
 16	      23	0.000000e+00
 16	      24	0.000000e+00
 16	      25	0.000000e+00
 16	      26	0.000000e+00
 16	      27	0.000000e+00
 16	      28	0.000000e+00
 16	      29	0.000000e+00
 16	      30	0.000000e+00
 16	      31	2.340917e-02
 16	      32	4.526523e-02
 16	      33	6.628620e-02
 16	      34	8.603720e-02
 16	      35	1.156175e-01
 16	      36	1.301277e-01
 16	      37	1.527587e-01
 16	      38	1.791274e-01
 16	      39	2.098837e-01
 16	      40	2.353684e-01
 16	      41	2.362993e-01
 16	      42	2.595620e-01
 16	      43	2.842950e-01
 16	      44	3.299910e-01
 16	      45	3.132788e-01
 16	      46	3.280162e-01
 16	      47	3.007841e-01
 16	      48	3.060369e-01
 16	      49	3.080347e-01
 16	      50	3.143167e-01
 16	      51	3.211242e-01
 16	      52	3.240948e-01
 16	      53	2.903206e-01
 16	      54	2.790700e-01
 16	      55	2.326904e-01
 16	      56	2.079708e-01
 16	      57	1.904574e-01
 16	      58	1.733340e-01
 16	      59	1.400206e-01
 16	      60	1.173843e-01
 16	      61	1.002816e-01
 16	      62	7.478327e-02
 16	      63	4.771980e-02
 16	      64	2.385536e-02
 16	      65	0.000000e+00
 16	      66	0.000000e+00
 16	      67	0.000000e+00
 16	      68	0.000000e+00
 16	      69	0.000000e+00
 16	      70	0.000000e+00
 16	      71	0.000000e+00
 16	      72	0.000000e+00
 16	      73	0.000000e+00
 16	      74	0.000000e+00
 16	      75	0.000000e+00
 16	      76	0.000000e+00
 16	      77	0.000000e+00
 16	      78	0.000000e+00
 16	      79	0.000000e+00
 16	      80	0.000000e+00
 16	      81	0.000000e+00
 16	      82	0.000000e+00
 16	      83	0.000000e+00
 16	      84	0.000000e+00
 16	      85	0.000000e+00
 16	      86	0.000000e+00
 16	      87	0.000000e+00
 16	      88	0.000000e+00
 16	      89	0.000000e+00
 16	      90	0.000000e+00
 16	      91	0.000000e+00
 16	      92	0.000000e+00
 16	      93	0.000000e+00
 16	      94	0.000000e+00
 16	      95	0.000000e+00
 17	       0	0.000000e+00
 17	       1	0.000000e+00
 17	       2	0.000000e+00
 17	       3	0.000000e+00
 17	       4	0.000000e+00
 17	       5	0.000000e+00
 17	       6	0.000000e+00
 17	       7	0.000000e+00
 17	       8	0.000000e+00
 17	       9	0.000000e+00
 17	      10	0.000000e+00
 17	      11	0.000000e+00
 17	      12	0.000000e+00
 17	      13	0.000000e+00
 17	      14	0.000000e+00
 17	      15	0.000000e+00
 17	      16	0.000000e+00
 17	      17	0.000000e+00
 17	      18	0.000000e+00
 17	      19	0.000000e+00
 17	      20	0.000000e+00
 17	      21	0.000000e+00
 17	      22	0.000000e+00
 17	      23	0.000000e+00
 17	      24	0.000000e+00
 17	      25	0.000000e+00
 17	      26	0.000000e+00
 17	      27	0.000000e+00
 17	      28	0.000000e+00
 17	      29	0.000000e+00
 17	      30	0.000000e+00
 17	      31	2.243953e-02
 17	      32	4.649129e-02
 17	      33	6.937060e-02
 17	      34	9.271467e-02
 17	      35	1.162486e-01
 17	      36	1.409737e-01
 17	      37	1.501121e-01
 17	      38	1.867152e-01
 17	      39	2.001572e-01
 17	      40	2.212272e-01
 17	      41	2.457703e-01
 17	      42	2.763252e-01
 17	      43	3.025897e-01
 17	      44	3.242460e-01
 17	      45	3.037234e-01
 17	      46	3.163643e-01
 17	      47	3.116025e-01
 17	      48	3.203926e-01
 17	      49	3.162270e-01
 17	      50	3.003299e-01
 17	      51	3.145631e-01
 17	      52	3.006850e-01
 17	      53	2.983898e-01
 17	      54	2.762618e-01
 17	      55	2.507842e-01
 17	      56	2.181734e-01
 17	      57	1.904493e-01
 17	      58	1.669757e-01
 17	      59	1.465008e-01
 17	      60	1.197255e-01
 17	      61	9.319468e-02
 17	      62	7.184669e-02
 17	      63	5.063449e-02
 17	      64	2.446484e-02
 17	      65	0.000000e+00
 17	      66	0.000000e+00
 17	      67	0.000000e+00
 17	      68	0.000000e+00
 17	      69	0.000000e+00
 17	      70	0.000000e+00
 17	      71	0.000000e+00
 17	      72	0.000000e+00
 17	      73	0.000000e+00
 17	      74	0.000000e+00
 17	      75	0.000000e+00
 17	      76	0.000000e+00
 17	      77	0.000000e+00
 17	      78	0.000000e+00
 17	      79	0.000000e+00
 17	      80	0.000000e+00
 17	      81	0.000000e+00
 17	      82	0.000000e+00
 17	      83	0.000000e+00
 17	      84	0.000000e+00
 17	      85	0.000000e+00
 17	      86	0.000000e+00
 17	      87	0.000000e+00
 17	      88	0.000000e+00
 17	      89	0.000000e+00
 17	      90	0.000000e+00
 17	      91	0.000000e+00
 17	      92	0.000000e+00
 17	      93	0.000000e+00
 17	      94	0.000000e+00
 17	      95	0.000000e+00
 18	       0	0.000000e+00
 18	       1	0.000000e+00
 18	       2	0.000000e+00
 18	       3	0.000000e+00
 18	       4	0.000000e+00
 18	       5	0.000000e+00
 18	       6	0.000000e+00
 18	       7	0.000000e+00
 18	       8	0.000000e+00
 18	       9	0.000000e+00
 18	      10	0.000000e+00
 18	      11	0.000000e+00
 18	      12	0.000000e+00
 18	      13	0.000000e+00
 18	      14	0.000000e+00
 18	      15	0.000000e+00
 18	      16	0.000000e+00
 18	      17	0.000000e+00
 18	      18	0.000000e+00
 18	      19	0.000000e+00
 18	      20	0.000000e+00
 18	      21	0.000000e+00
 18	      22	0.000000e+00
 18	      23	0.000000e+00
 18	      24	0.000000e+00
 18	      25	0.000000e+00
 18	      26	0.000000e+00
 18	      27	0.000000e+00
 18	      28	0.000000e+00
 18	      29	0.000000e+00
 18	      30	0.000000e+00
 18	      31	2.150811e-02
 18	      32	4.311488e-02
 18	      33	6.830868e-02
 18	      34	9.358283e-02
 18	      35	1.112769e-01
 18	      36	1.402996e-01
 18	      37	1.572135e-01
 18	      38	1.734306e-01
 18	      39	2.104830e-01
 18	      40	2.159529e-01
 18	      41	2.500478e-01
 18	      42	2.815051e-01
 18	      43	2.793982e-01
 18	      44	3.264299e-01
 18	      45	3.210780e-01
 18	      46	3.228695e-01
 18	      47	3.161210e-01
 18	      48	3.219568e-01
 18	      49	3.044716e-01
 18	      50	3.081794e-01
 18	      51	3.028904e-01
 18	      52	3.211019e-01
 18	      53	2.798920e-01
 18	      54	2.696919e-01
 18	      55	2.534917e-01
 18	      56	2.139449e-01
 18	      57	1.984018e-01
 18	      58	1.645370e-01
 18	      59	1.442720e-01
 18	      60	1.244785e-01
 18	      61	9.810837e-02
 18	      62	7.142293e-02
 18	      63	4.982707e-02
 18	      64	2.328877e-02
 18	      65	0.000000e+00
 18	      66	0.000000e+00
 18	      67	0.000000e+00
 18	      68	0.000000e+00
 18	      69	0.000000e+00
 18	      70	0.000000e+00
 18	      71	0.000000e+00
 18	      72	0.000000e+00
 18	      73	0.000000e+00
 18	      74	0.000000e+00
 18	      75	0.000000e+00
 18	      76	0.000000e+00
 18	      77	0.000000e+00
 18	      78	0.000000e+00
 18	      79	0.000000e+00
 18	      80	0.000000e+00
 18	      81	0.000000e+00
 18	      82	0.000000e+00
 18	      83	0.000000e+00
 18	      84	0.000000e+00
 18	      85	0.000000e+00
 18	      86	0.000000e+00
 18	      87	0.000000e+00
 18	      88	0.000000e+00
 18	      89	0.000000e+00
 18	      90	0.000000e+00
 18	      91	0.000000e+00
 18	      92	0.000000e+00
 18	      93	0.000000e+00
 18	      94	0.000000e+00
 18	      95	0.000000e+00
 19	       0	0.000000e+00
 19	       1	0.000000e+00
 19	       2	0.000000e+00
 19	       3	0.000000e+00
 19	       4	0.000000e+00
 19	       5	0.000000e+00
 19	       6	0.000000e+00
 19	       7	0.000000e+00
 19	       8	0.000000e+00
 19	       9	0.000000e+00
 19	      10	0.000000e+00
 19	      11	0.000000e+00
 19	      12	0.000000e+00
 19	      13	0.000000e+00
 19	      14	0.000000e+00
 19	      15	0.000000e+00
 19	      16	0.000000e+00
 19	      17	0.000000e+00
 19	      18	0.000000e+00
 19	      19	0.000000e+00
 19	      20	0.000000e+00
 19	      21	0.000000e+00
 19	      22	0.000000e+00
 19	      23	0.000000e+00
 19	      24	0.000000e+00
 19	      25	0.000000e+00
 19	      26	0.000000e+00
 19	      27	0.000000e+00
 19	      28	0.000000e+00
 19	      29	0.000000e+00
 19	      30	0.000000e+00
 19	      31	2.297559e-02
 19	      32	4.696945e-02
 19	      33	6.626285e-02
 19	      34	9.234396e-02
 19	      35	1.098105e-01
 19	      36	1.300196e-01
 19	      37	1.603253e-01
 19	      38	1.783330e-01
 19	      39	1.928926e-01
 19	      40	2.217381e-01
 19	      41	2.415785e-01
 19	      42	2.784591e-01
 19	      43	2.962273e-01
 19	      44	3.015013e-01
 19	      45	3.227232e-01
 19	      46	3.089070e-01
 19	      47	3.203823e-01
 19	      48	3.117124e-01
 19	      49	3.135822e-01
 19	      50	3.192474e-01
 19	      51	3.251991e-01
 19	      52	3.274568e-01
 19	      53	2.872244e-01
 19	      54	2.672053e-01
 19	      55	2.472612e-01
 19	      56	2.184457e-01
 19	      57	1.903715e-01
 19	      58	1.646538e-01
 19	      59	1.459217e-01
 19	      60	1.190817e-01
 19	      61	9.359218e-02
 19	      62	6.935560e-02
 19	      63	4.856632e-02
 19	      64	2.525855e-02
 19	      65	0.000000e+00
 19	      66	0.000000e+00
 19	      67	0.000000e+00
 19	      68	0.000000e+00
 19	      69	0.000000e+00
 19	      70	0.000000e+00
 19	      71	0.000000e+00
 19	      72	0.000000e+00
 19	      73	0.000000e+00
 19	      74	0.000000e+00
 19	      75	0.000000e+00
 19	      76	0.000000e+00
 19	      77	0.000000e+00
 19	      78	0.000000e+00
 19	      79	0.000000e+00
 19	      80	0.000000e+00
 19	      81	0.000000e+00
 19	      82	0.000000e+00
 19	      83	0.000000e+00
 19	      84	0.000000e+00
 19	      85	0.000000e+00
 19	      86	0.000000e+00
 19	      87	0.000000e+00
 19	      88	0.000000e+00
 19	      89	0.000000e+00
 19	      90	0.000000e+00
 19	      91	0.000000e+00
 19	      92	0.000000e+00
 19	      93	0.000000e+00
 19	      94	0.000000e+00
 19	      95	0.000000e+00
