0.205821
0.203044
0.20387
0.203471
0.203037
0.209835
0.942719
0.204407
0.211422
0.202089
0.211348
0.200803
0.212788
0.214404
0.209659
0.213534
0.215198
0.218152
1.25746
0.215578
0.203885
0.65163
0.21003
2.20571
0.204184
0.214109
0.210211
0.205484
0.208964
3.01196
3.14018
3.02333
3.01143
3.04801
3.11935
3.20667
3.16041
3.20608
3.08174
3.13978
3.08297
3.13503
3.28052
3.02608
3.13617
3.28369
3.25672
3.03629
3.00425
3.07035
3.25989
3.13122
0.21748
0.218887
0.216773
1.84095
0.206387
0.218082
0.216703
0.209837
0.202395
3.01451
3.12781
3.09773
3.0314
3.12867
3.18694
3.18561
3.234
3.14641
3.29687
3.27776
3.19265
3.22421
3.28697
3.15479
3.06642
3.08989
3.24305
3.00191
3.08417
3.27575
3.11021
3.12218
0.219045
0.621133
0.204743
0.209175
0.203943
0.218476
0.218916
0.206906
0.20644
0.211414
0.217488
0.210359
0.216784
0.209527
0.200181
0.218551
0.205056
0.204929
1.5166
0.216042
0.20553
0.214139
0.21518
0.203154
0.212705
0.204066
2.74025
0.212892
2.31229
0.200826
1.11804
0.212193
0.211045
0.205018
0.205197
0.208997
0.202414
0.218068
0.204977
0.215904
0.209068
3.00722
3.13832
3.10064
3.29382
3.1492
3.11767
3.06943
3.26073
3.10363
3.23053
3.23324
3.1157
3.09396
3.19858
3.27442
3.0978
3.17173
3.16525
3.00631
3.21102
3.15164
3.10678
3.18973
0.218833
0.216729
0.207437
0.213057
0.208345
0.205503
0.206859
0.200832
0.216873
3.24124
3.0396
3.26014
3.14303
3.01159
3.17727
3.08806
3.16333
3.00973
3.08769
3.00328
3.13824
3.03234
3.06856
3.08191
3.05293
3.00768
3.08234
3.2606
3.19916
3.23432
3.07034
3.07756
0.201102
0.210637
0.635305
0.207401
0.218318
0.212296
0.203829
0.201798
0.213235
0.217413
0.21718
0.200706
0.218985
0.210705
0.204114
0.216739
0.2096
0.210427
0.217002
0.209922
0.208644
0.215522
0.208112
0.204872
0.211366
0.200801
0.207528
0.216517
0.202518
2.04362
0.21348
2.02598
0.214834
0.203952
0.207552
0.217722
0.202072
0.219902
0.21408
0.208693
0.209231
3.09966
3.16763
3.12533
3.15344
3.16404
3.19787
3.18265
3.23168
3.09226
3.25811
3.01982
3.14572
3.0968
3.15825
3.00226
3.05578
3.21218
3.15474
3.10977
3.0055
3.15432
3.24439
3.07405
0.206446
0.210853
0.209707
0.206594
2.85729
0.209466
0.218971
0.218519
1.82103
3.00554
3.20773
3.18749
3.08313
3.29529
3.2178
3.29986
3.05913
3.16505
3.27833
3.20263
3.16846
3.10907
3.14015
3.05567
3.0542
3.11016
3.02137
3.25954
3.08994
3.11886
3.25733
3.05699
0.20333
0.204495
0.209864
0.211459
0.209988
1.06181
0.216857
0.214721
0.212355
0.20301
0.793452
0.201608
0.215202
0.209745
0.211567
0.208727
0.200131
0.201556
0.216075
0.206064
0.200281
0.218322
1.95397
0.216461
0.20602
1.70633
1.23231
0.214698
0.203467
0.206765
0.211844
0.210618
0.207507
0.209689
0.88053
0.204987
0.214678
0.21754
0.214972
0.214729
0.219805
3.04221
3.03175
3.09533
3.02277
3.0469
3.11213
3.04015
3.04072
3.18689
3.26149
3.13499
3.28119
3.11211
3.27208
3.27405
3.01282
3.03616
3.2995
3.24062
3.15789
3.24885
3.04534
3.04956
0.214406
0.204943
0.213923
0.207408
0.217696
0.203101
0.208883
0.214392
0.201927
3.24925
3.12692
3.06157
3.22084
3.13005
3.24266
3.12269
3.26802
3.2613
3.03421
3.27902
3.05383
3.27846
3.19863
3.21113
3.17423
3.09018
3.01476
3.16014
3.08107
3.18732
3.18439
3.22661
0.203579
0.208223
0.218375
0.213549
0.219981
1.06814
0.20261
0.205875
0.201883
0.208999
0.215325
0.205815
0.644101
0.214557
0.203353
0.207987
0.206814
0.209883
0.215201
0.21229
0.217368
0.216195
0.201042
0.207089
0.20679
0.208979
0.200785
0.206476
0.213471
0.209552
0.214334
0.206664
0.21534
0.219262
0.218727
0.203258
0.201966
0.212507
0.218581
0.210298
0.204591
3.20384
3.08417
3.01405
3.18518
3.27241
3.24585
3.29344
3.00295
3.2213
3.16048
3.21078
3.06513
3.18493
3.24064
3.04285
3.05784
3.20609
3.21822
3.14623
3.00167
3.18603
3.01963
3.28015
0.216344
0.202251
0.218561
0.20986
0.20423
0.212557
0.213893
0.219853
0.213553
3.2339
3.1489
3.29051
3.09048
3.24413
3.17423
3.22769
3.21662
3.18118
3.16208
3.04622
3.09508
3.14366
3.17315
3.29566
3.18326
3.11001
3.08872
3.15557
3.01004
3.19276
3.26161
3.16546
0.217578
0.208084
0.204037
0.218987
0.203738
0.200409
0.219308
0.216903
0.2012
0.213713
0.213699
0.210192
0.213652
0.203685
0.216614
0.216094
0.200425
0.201736
0.20797
0.205522
0.211042
0.216442
0.204333
2.1534
0.216837
1.07595
0.207378
0.219305
0.212554
0.203594
0.213886
0.201558
1.46835
0.201619
0.209889
0.218562
0.21038
0.207239
0.20971
0.218064
0.280552
3.21433
3.13966
3.04514
3.25287
3.10575
3.27676
3.18154
3.2584
3.01367
3.11499
3.06421
3.24218
3.18359
3.0016
3.00797
3.1256
3.15164
3.27339
3.09294
3.27248
3.05532
3.07205
3.23768
0.202697
0.219747
2.04959
2.45107
0.202254
0.965232
0.211859
1.7474
0.217573
3.21026
3.11855
3.19229
3.21566
3.2027
3.0386
3.29576
3.02004
3.10488
3.25322
3.08636
3.0648
3.09929
3.25499
3.11681
3.22539
3.02359
3.16925
3.26845
3.23942
3.22838
3.23701
3.15134
0.537332
1.08438
0.21687
0.215008
0.206954
0.215339
0.215977
0.21446
0.218882
0.200735
0.201383
0.210336
0.205497
0.217967
0.213288
0.211539
0.215093
0.219507
1.46818
0.200609
0.20253
0.209727
0.205814
0.206867
0.21074
0.200817
0.204436
0.20725
0.200106
2.15488
0.204989
0.214478
0.216155
0.207239
0.218206
0.215888
0.205941
0.216726
0.217054
0.2042
0.200128
3.01295
3.09602
3.11677
3.23135
3.08639
3.17264
3.25509
3.02642
3.29593
3.25407
3.15339
3.29267
3.16576
3.01017
3.23658
3.05129
3.04389
3.01398
3.14985
3.1954
3.20454
3.12394
3.16189
0.215869
0.889276
0.217322
0.201921
2.89315
0.21111
0.210583
2.93157
0.211477
3.00998
3.08482
3.01099
3.22816
3.18147
3.12379
3.16087
3.26946
3.0311
3.00419
3.2024
3.14072
3.18335
3.27247
3.29167
3.24257
3.13311
3.08892
3.26162
3.02462
3.07084
3.07276
3.08571
0.2199
0.201082
0.209598
0.211088
0.218251
0.208814
0.205264
0.211609
0.202531
0.209193
0.208248
0.210259
