0.0511889
0.0514553
0.0542291
0.050761
0.0529277
0.0509674
0.0540531
0.0508677
0.0524249
0.0507593
0.0518348
0.0524587
0.0545505
0.0513263
0.0544659
0.0511018
0.053159
0.0528554
0.0516608
0.0505223
0.0525147
0.052837
0.0542708
0.0502007
0.0505401
0.053197
0.0500656
0.0536009
0.0505091
0.0524147
0.0512718
0.0533835
0.0544839
0.0537995
0.0536015
0.0545381
0.0546431
0.0518883
0.0544988
0.0538944
0.0516213
0.0509712
0.0549778
0.0508065
0.0535402
0.0525076
0.0546815
0.0535816
0.050526
0.051046
0.052797
0.0535272
0.0503912
0.0595597
0.0645759
0.0719195
0.0815626
0.0870684
0.0903588
0.101183
0.104137
0.110419
0.118534
0.12824
0.138956
0.143974
0.153179
0.154087
0.163966
0.16785
0.177651
0.185896
0.171478
0.177716
0.186076
0.184547
0.172057
0.170241
0.173987
0.184727
0.177436
0.183082
0.184858
0.176408
0.186054
0.183574
0.184257
0.172957
0.154556
0.142029
0.125896
0.114633
0.10686
0.0873628
0.0801802
0.066538
0.0524592
0.0510606
0.0505988
0.0502418
0.0521301
0.0516289
0.0505233
0.0521446
0.0531157
0.0530935
0.0539
0.0524402
0.0549478
0.0546293
0.0532109
0.0537368
0.0547828
0.0525798
0.051107
0.0514982
0.0540508
0.0500318
0.0514028
0.0545959
0.0518369
0.0520363
0.0543725
0.0547613
0.0549518
0.050752
0.0527412
0.0511857
0.0538592
0.0522938
0.0536561
0.0509858
0.0523686
0.054619
0.0542943
0.054729
0.0519984
0.0517266
0.0510052
0.05161
0.0516809
0.0528534
0.052185
0.0543719
0.0532197
0.0525897
0.0544744
0.054196
0.0531885
0.0593659
0.0660122
0.0700633
0.0813295
0.0910629
0.0931384
0.0991105
0.107583
0.112711
0.128081
0.129133
0.13887
0.147629
0.155523
0.154147
0.166102
0.17488
0.172309
0.182903
0.176421
0.172681
0.180977
0.1808
0.179539
0.173456
0.186161
0.185423
0.177194
0.180958
0.186052
0.182825
0.182933
0.170702
0.186328
0.16318
0.156733
0.142169
0.128855
0.116075
0.104886
0.0881576
0.0776114
0.0636112
0.0535932
0.0522493
0.053235
0.0506036
0.0502226
0.0545169
0.0542459
0.0512443
0.0529709
0.053976
0.0505861
0.0522669
0.0501204
0.0523054
0.0516773
0.054897
0.0524867
0.0519611
0.0511571
0.0543456
0.0517272
0.0538421
0.0538873
0.0519283
0.0515661
0.0533096
0.0545737
0.0516301
0.0528622
0.0527541
0.0501052
0.0535169
0.0525274
0.0517797
0.0531621
0.0511735
0.0547081
0.0503874
0.0541823
0.0510708
0.0518593
0.0500879
0.0532642
0.0510699
0.0520863
0.0518397
0.0513758
0.0534918
0.0517148
0.0514359
0.0502079
0.0540116
0.0542182
0.0612234
0.0641694
0.0760699
0.0803218
0.0836553
0.095318
0.0995042
0.108959
0.110357
0.120077
0.123468
0.13599
0.13814
0.146609
0.154096
0.159431
0.163752
0.174666
0.184767
0.181286
0.183278
0.173986
0.174395
0.182233
0.170936
0.170586
0.179041
0.185709
0.172643
0.170418
0.17629
0.172354
0.185571
0.175127
0.167714
0.15004
0.136565
0.128313
0.110989
0.104279
0.0916912
0.0767021
0.0673979
0.0511329
0.054295
0.0504685
0.0501766
0.050564
0.0547463
0.0508171
0.0526764
0.0527642
0.0510284
0.0520983
0.0541846
0.0510243
0.0524001
0.0508919
0.0526067
0.0540427
0.0542505
0.0532622
0.0524804
0.0515011
0.0521611
0.0514967
0.0538805
0.0540737
0.0520281
0.0534958
0.0512179
0.0513801
0.0528416
0.0528963
0.0502003
0.0507393
0.0518819
0.0532471
0.0541292
0.0542573
0.0506296
0.0549729
0.0532922
0.0521976
0.0533699
0.0546626
0.0532607
0.0535361
0.0537085
0.0513677
0.0509879
0.0517652
0.0518881
0.0537382
0.0544305
0.0540101
0.0572538
0.0678832
0.0769658
0.0780969
0.0892001
0.0971452
0.100868
0.10433
0.115077
0.120542
0.130225
0.135431
0.143657
0.151171
0.159894
0.166205
0.175947
0.175228
0.184626
0.171123
0.178257
0.175485
0.178968
0.170128
0.173161
0.182024
0.178769
0.17622
0.170312
0.178745
0.183849
0.174196
0.179285
0.175479
0.160165
0.153923
0.13724
0.127922
0.118375
0.101231
0.0938172
0.0810229
0.0626007
0.0523664
0.0506135
0.0547428
0.054
0.0546297
0.0546025
0.0528947
0.0500923
0.0534622
0.0531248
0.0513854
0.0549215
0.05363
0.0549977
0.0509856
0.0527508
0.0546389
0.0533771
0.0528077
0.0518178
0.0523358
0.0509278
0.0509033
0.0518361
0.0503561
0.0543257
0.0514989
0.051981
0.0542888
0.0509498
0.0537436
0.0508325
0.0533898
0.0511238
0.0544217
0.0524659
0.0513272
0.0528648
0.0521667
0.052497
0.0549257
0.0515389
0.0541765
0.0542142
0.0501438
0.0536801
0.0512591
0.0530886
0.0531803
0.0507524
0.0548255
0.0510597
0.0537907
0.0571224
0.0647105
0.0753206
0.0766811
0.0873938
0.0922378
0.102257
0.108369
0.1148
0.122888
0.123414
0.13168
0.13773
0.155915
0.162056
0.168013
0.168285
0.175468
0.170239
0.180863
0.185574
0.185307
0.180649
0.180641
0.183992
0.176345
0.175117
0.1866
0.179146
0.185326
0.176268
0.179422
0.182493
0.171736
0.160739
0.146562
0.138533
0.13096
0.116514
0.105665
0.0905657
0.0791607
0.0643272
0.0530005
0.0524222
0.054888
0.0512152
0.0540801
0.0512468
0.0537438
0.0536695
0.0502085
0.054385
0.0535991
0.0537429
0.0524231
0.0536822
0.0517708
0.0549512
0.0507036
0.0505291
0.0515888
0.0503795
0.0507816
0.0518688
0.0506692
0.0506786
0.0531149
0.0543581
0.0522499
0.0546866
0.0518684
0.0545347
0.0545675
0.0502137
0.0506027
0.0549917
0.0540103
0.0526315
0.0541474
0.0507556
0.0508259
0.054021
0.0536015
0.0531036
0.0512357
0.0543654
0.0534808
0.050347
0.051852
0.0517342
0.0544241
0.0539317
0.0507752
0.0535463
0.0522208
0.0597622
0.0678909
0.0753067
0.0774055
0.0902569
0.0938075
0.0986505
0.11094
0.114769
0.126103
0.128377
0.141614
0.14857
0.144968
0.163951
0.159478
0.178494
0.181256
0.181964
0.179873
0.17511
0.170836
0.179075
0.174594
0.180615
0.180449
0.182841
0.18464
0.173042
0.174332
0.17699
0.183344
0.185619
0.170926
0.168704
0.154016
0.147387
0.133424
0.113411
0.100127
0.0871222
0.0752819
0.0638213
0.0514605
0.0504708
0.0531023
0.0522498
0.0530054
0.0538313
0.0528523
0.0514538
0.0545574
0.050793
0.0501585
0.0536393
0.0539863
0.0508383
0.0525725
0.0519967
0.0509284
0.0517036
0.0502499
0.0524707
0.0502021
0.0538002
0.0525907
0.0530726
0.0522267
0.054342
0.0503681
0.0540487
0.0512162
0.0502605
0.0523053
0.0517722
0.0511272
0.0516974
0.0513477
0.0522448
0.0518857
0.0501962
0.0537151
0.0516189
0.0531219
0.0533679
0.0510369
0.0523881
0.0505102
0.0535834
0.0523602
0.0516661
0.0525608
0.0538351
0.0508909
0.0548155
0.0544093
0.0619726
0.0672208
0.0711401
0.0779081
0.0841525
0.0936751
0.102712
0.111144
0.12022
0.119266
0.129684
0.137918
0.139804
0.153073
0.154208
0.1574
0.173416
0.185437
0.183932
0.186628
0.170167
0.182541
0.179094
0.181944
0.173691
0.180479
0.183636
0.172428
0.173278
0.181678
0.182366
0.178286
0.170095
0.180542
0.159034
0.159634
0.1341
0.13197
0.110665
0.099103
0.090933
0.0808676
0.0629517
