0
0
0
0
0
0
0
0
0
0
0
0
0
0
0
0
0
0
0
0
0
0
0
0
0
0
0
0
0
0
0
0.0228786
0.0467005
0.0691708
0.0918882
0.116867
0.140511
0.155665
0.186853
0.207878
0.221234
0.240293
0.282743
0.283065
0.321241
0.315046
0.328089
0.32149
0.303156
0.306276
0.316782
0.321163
0.302347
0.291061
0.258827
0.237097
0.220956
0.19289
0.162183
0.144931
0.116282
0.0926594
0.0703388
0.04799
0.0246667
0
0
0
0
0
0
0
0
0
0
0
0
0
0
0
0
0
0
0
0
0
0
0
0
0
0
0
0
0
0
0
0
0
0
0
0
0
0
0
0
0
0
0
0
0
0
0
0
0
0
0
0
0
0
0
0
0
0
0
0
0
0
0.0219367
0.0461651
0.0672349
0.0919819
0.109255
0.134662
0.163857
0.186152
0.211098
0.22285
0.243854
0.262312
0.287542
0.310085
0.317121
0.31311
0.326232
0.319318
0.315538
0.326846
0.325176
0.319131
0.290114
0.264583
0.230978
0.220324
0.201739
0.167171
0.141962
0.12013
0.0945825
0.0760042
0.0483241
0.0246516
0
0
0
0
0
0
0
0
0
0
0
0
0
0
0
0
0
0
0
0
0
0
0
0
0
0
0
0
0
0
0
0
0
0
0
0
0
0
0
0
0
0
0
0
0
0
0
0
0
0
0
0
0
0
0
0
0
0
0
0
0
0
0.0229358
0.0450235
0.0665739
0.0911351
0.109657
0.140678
0.151162
0.185768
0.196987
0.222254
0.236129
0.27393
0.284532
0.312518
0.311038
0.308255
0.320951
0.310289
0.308616
0.301247
0.32407
0.325309
0.299191
0.257197
0.25078
0.217594
0.185329
0.171084
0.142526
0.121666
0.0926071
0.0712544
0.0462043
0.0241403
0
0
0
0
0
0
0
0
0
0
0
0
0
0
0
0
0
0
0
0
0
0
0
0
0
0
0
0
0
0
0
0
0
0
0
0
0
0
0
0
0
0
0
0
0
0
0
0
0
0
0
0
0
0
0
0
0
0
0
0
0
0
0.0215144
0.0434908
0.0667053
0.0912808
0.115991
0.139519
0.151889
0.188478
0.205556
0.223704
0.251601
0.281122
0.296738
0.321217
0.322251
0.308206
0.305927
0.310591
0.311329
0.322429
0.326583
0.324061
0.279792
0.272082
0.253733
0.211567
0.197613
0.174363
0.14448
0.116497
0.0965683
0.0715306
0.0487328
0.024041
0
0
0
0
0
0
0
0
0
0
0
0
0
0
0
0
0
0
0
0
0
0
0
0
0
0
0
0
0
0
0
0
0
0
0
0
0
0
0
0
0
0
0
0
0
0
0
0
0
0
0
0
0
0
0
0
0
0
0
0
0
0
0.0217853
0.0457627
0.0657305
0.0932943
0.112427
0.131984
0.158595
0.178857
0.202489
0.235396
0.242969
0.278622
0.30205
0.300863
0.322081
0.307555
0.318532
0.319082
0.304514
0.328953
0.306358
0.322744
0.27915
0.259366
0.24831
0.207731
0.193611
0.165555
0.14647
0.121008
0.0963357
0.0729226
0.046184
0.0233752
0
0
0
0
0
0
0
0
0
0
0
0
0
0
0
0
0
0
0
0
0
0
0
0
0
0
0
0
0
0
0
0
0
0
0
0
0
0
0
0
0
0
0
0
0
0
0
0
0
0
0
0
0
0
0
0
0
0
0
0
0
0
0.0215201
0.0433737
0.0707036
0.0925892
0.112782
0.139236
0.152267
0.17426
0.208367
0.229721
0.250345
0.263498
0.302893
0.320885
0.302082
0.311112
0.310405
0.326545
0.32359
0.304651
0.321278
0.313325
0.292051
0.272113
0.248264
0.209694
0.199954
0.168372
0.141303
0.123878
0.0963093
0.0748305
0.0480413
0.0251386
0
0
0
0
0
0
0
0
0
0
0
0
0
0
0
0
0
0
0
0
0
0
0
0
0
0
0
0
0
0
0
0
0
0
0
0
0
0
0
0
0
0
0
0
0
0
0
0
0
0
0
0
0
0
0
0
0
0
0
0
0
0
0.0221881
0.0438233
0.0664681
0.0880247
0.111953
0.13342
0.150589
0.184166
0.199102
0.227665
0.251591
0.262475
0.291877
0.303061
0.3215
0.314161
0.309997
0.315365
0.32301
0.305345
0.328893
0.326456
0.302853
0.269427
0.234528
0.211055
0.18643
0.168135
0.14712
0.124106
0.100884
0.0707733
0.0485303
0.0244824
0
0
0
0
0
0
0
0
0
0
0
0
0
0
0
0
0
0
0
0
0
0
0
0
0
0
0
0
0
0
0
